0.400000000000 -0.324793984648
0.420000000000 -0.312601703433
0.440000000000 -0.304105573416
0.460000000000 -0.301376479982
0.480000000000 -0.303327393643
0.500000000000 -0.306525142890
0.520000000000 -0.307097546633
0.540000000000 -0.302710180668
0.560000000000 -0.293606169526
0.580000000000 -0.282229433689
0.600000000000 -0.271700853593
0.620000000000 -0.263998427922
0.640000000000 -0.258814594301
0.660000000000 -0.253678019628
0.680000000000 -0.245247193670
0.700000000000 -0.231069089334
0.720000000000 -0.210865510453
0.740000000000 -0.186674495785
0.760000000000 -0.161786657912
0.780000000000 -0.139050491051
0.800000000000 -0.119444221176
0.820000000000 -0.101659456743
0.840000000000 -0.082899712348
0.860000000000 -0.060454436981
0.880000000000 -0.033206244383
0.900000000000 -0.002276820686
0.920000000000 0.029512435973
0.940000000000 0.059047505757
0.960000000000 0.084409733912
0.980000000000 0.105613942757
1.000000000000 0.124175791275
1.020000000000 0.141737443218
1.040000000000 0.158524352950
1.060000000000 0.172545917540
1.080000000000 0.180098430392
1.100000000000 0.177449867283
1.120000000000 0.162930230958
1.140000000000 0.138367248327
1.160000000000 0.109062978407
1.180000000000 0.082196025380
1.200000000000 0.064321662685
1.220000000000 0.059128955566
1.240000000000 0.066537937355
1.260000000000 0.083594102226
1.280000000000 0.106732670901
1.300000000000 0.134273009814
1.320000000000 0.167826369350
1.340000000000 0.211769023800
1.360000000000 0.270846586941
1.380000000000 0.346909688697
1.400000000000 0.436289284700
1.420000000000 0.529145269491
1.440000000000 0.611323770352
1.460000000000 0.668186489169
1.480000000000 0.689009019955
1.500000000000 0.670271161685
1.520000000000 0.616598948997
1.540000000000 0.539065203293
1.560000000000 0.451592396004
1.580000000000 0.366883850658
1.600000000000 0.293367885049
1.620000000000 0.234092540950
1.640000000000 0.187636440663
1.660000000000 0.150304139741
1.680000000000 0.118484134983
1.700000000000 0.090184993082
1.720000000000 0.065303478798
1.740000000000 0.044825812593
1.760000000000 0.029611974294
1.780000000000 0.019484954432
1.800000000000 0.013062254560
1.820000000000 0.008312984078
1.840000000000 0.003446299160
1.860000000000 -0.002386184999
1.880000000000 -0.008929822842
1.900000000000 -0.015234810842
1.920000000000 -0.020352178128
1.940000000000 -0.023911717410
1.960000000000 -0.026279813959
1.980000000000 -0.028252858586
2.000000000000 -0.030502210944
2.020000000000 -0.033109284406
2.040000000000 -0.035458121610
2.060000000000 -0.036539519459
2.080000000000 -0.035489992629
2.100000000000 -0.032066917504
2.120000000000 -0.026808188535
2.140000000000 -0.020806065725
2.160000000000 -0.015235064464
2.180000000000 -0.010896860287
2.200000000000 -0.008018254104
2.220000000000 -0.006382983039
2.240000000000 -0.005685698971
2.260000000000 -0.005875028670
2.280000000000 -0.007267932206
2.300000000000 -0.010357945644
2.320000000000 -0.015424653137
2.340000000000 -0.022176722420
2.360000000000 -0.029655720286
2.380000000000 -0.036494111274
2.400000000000 -0.041430053334
2.420000000000 -0.043836618488
2.440000000000 -0.044002356823
2.460000000000 -0.043016177590
2.480000000000 -0.042302760282
2.500000000000 -0.043025549055
2.520000000000 -0.045635813468
2.540000000000 -0.049768843526
2.560000000000 -0.054514258526
2.580000000000 -0.058906901195
2.600000000000 -0.062388407449
2.620000000000 -0.065021668932
2.640000000000 -0.067378257271
2.660000000000 -0.070187017428
2.680000000000 -0.073943535955
2.700000000000 -0.078681987078
2.720000000000 -0.084009471131
2.740000000000 -0.089357937063
2.760000000000 -0.094298747708
2.780000000000 -0.098745295538
2.800000000000 -0.102944022080
2.820000000000 -0.107277341590
2.840000000000 -0.112003817203
2.860000000000 -0.117087423725
2.880000000000 -0.122208666793
2.900000000000 -0.126942819077
2.920000000000 -0.130996552143
2.940000000000 -0.134365532251
2.960000000000 -0.137325485551
2.980000000000 -0.140266819806
3.000000000000 -0.143471466138
3.020000000000 -0.146960300523
3.040000000000 -0.150495023359
3.060000000000 -0.153726833435
3.080000000000 -0.156399055346
3.100000000000 -0.158481133472
3.120000000000 -0.160153931669
3.140000000000 -0.161656240083
3.160000000000 -0.163087463236
3.180000000000 -0.164291635922
3.200000000000 -0.164904160342
3.220000000000 -0.164548316059
3.240000000000 -0.163076869790
3.260000000000 -0.160718444500
3.280000000000 -0.158031971349
3.300000000000 -0.155674528232
3.320000000000 -0.154093250615
3.340000000000 -0.153301641022
3.360000000000 -0.152864045388
3.380000000000 -0.152105520324
3.400000000000 -0.150443384230
3.420000000000 -0.147667177553
3.440000000000 -0.144015711021
3.460000000000 -0.140005044722
3.480000000000 -0.136095670314
3.500000000000 -0.132379009572
3.520000000000 -0.128461122565
3.540000000000 -0.123622611575
3.560000000000 -0.117187378850
3.580000000000 -0.108915622827
3.600000000000 -0.099211989575
3.620000000000 -0.089024883410
3.640000000000 -0.079467058010
3.660000000000 -0.071332682545
3.680000000000 -0.064746442254
3.700000000000 -0.059122212341
3.720000000000 -0.053459176296
3.740000000000 -0.046836386239
3.760000000000 -0.038867153663
3.780000000000 -0.029893458678
3.800000000000 -0.020829014818
3.820000000000 -0.012733165619
3.840000000000 -0.006328917900
3.860000000000 -0.001701432914
3.880000000000 0.001682164747
3.900000000000 0.004654754177
3.920000000000 0.007904219612
3.940000000000 0.011630111831
3.960000000000 0.015469897185
3.980000000000 0.018717917266
4.000000000000 0.020708106857
4.020000000000 0.021151442497
4.040000000000 0.020251375779
4.060000000000 0.018545899355
4.080000000000 0.016575222773
4.100000000000 0.014568490673
4.120000000000 0.012330927221
4.140000000000 0.009400614714
4.160000000000 0.005391940618
4.180000000000 0.000332784670
4.200000000000 -0.005204475171
4.220000000000 -0.010275332429
4.240000000000 -0.013975324664
4.260000000000 -0.015893473875
4.280000000000 -0.016371832201
4.300000000000 -0.016420702595
4.320000000000 -0.017305728341
4.340000000000 -0.019988789935
4.360000000000 -0.024685193823
4.380000000000 -0.030752162668
4.400000000000 -0.036969117496
4.420000000000 -0.042083532019
4.440000000000 -0.045368767385
4.460000000000 -0.046934791852
4.480000000000 -0.047651498665
4.500000000000 -0.048728884190
4.520000000000 -0.051158524159
4.540000000000 -0.055279756985
4.560000000000 -0.060665780621
4.580000000000 -0.066366091935
4.600000000000 -0.071371998980
4.620000000000 -0.075073681087
4.640000000000 -0.077494956974
4.660000000000 -0.079211583124
4.680000000000 -0.081017192328
4.700000000000 -0.083518443352
4.720000000000 -0.086862095003
4.740000000000 -0.090716552897
4.760000000000 -0.094494681939
4.780000000000 -0.097684503192
4.800000000000 -0.100109428651
4.820000000000 -0.101988433919
4.840000000000 -0.103778935010
4.860000000000 -0.105900001890
4.880000000000 -0.108491421732
4.900000000000 -0.111337641578
4.920000000000 -0.113992263845
4.940000000000 -0.116030062070
4.960000000000 -0.117286998575
4.980000000000 -0.117957990990
5.000000000000 -0.118500097309
5.020000000000 -0.119392677686
5.040000000000 -0.120880964837
5.060000000000 -0.122836990498
5.080000000000 -0.124809654470
5.100000000000 -0.126237711451
5.120000000000 -0.126716970213
5.140000000000 -0.126187911916
5.160000000000 -0.124953309472
5.180000000000 -0.123522884824
5.200000000000 -0.122367536969
5.220000000000 -0.121705992608
5.240000000000 -0.121423578886
5.260000000000 -0.121151189468
5.280000000000 -0.120451503425
5.300000000000 -0.119011005911
5.320000000000 -0.116743180753
5.340000000000 -0.113763207608
5.360000000000 -0.110265622198
5.380000000000 -0.106384967393
5.400000000000 -0.102120867171
5.420000000000 -0.097365208931
5.440000000000 -0.092006672844
5.460000000000 -0.086042353337
5.480000000000 -0.079622813824
5.500000000000 -0.072996734645
5.520000000000 -0.066381352280
5.540000000000 -0.059831017827
5.560000000000 -0.053182065421
5.580000000000 -0.046113656787
5.600000000000 -0.038301747864
5.620000000000 -0.029590665007
5.640000000000 -0.020092984654
5.660000000000 -0.010161924015
5.680000000000 -0.000244474491
5.700000000000 0.009315180247
5.720000000000 0.018425916089
5.740000000000 0.027279866142
5.760000000000 0.036248573754
5.780000000000 0.045697473887
5.800000000000 0.055810102953
5.820000000000 0.066505686788
5.840000000000 0.077484225240
5.860000000000 0.088368322367
5.880000000000 0.098864535497
5.900000000000 0.108862228617
5.920000000000 0.118425739013
5.940000000000 0.127694696074
5.960000000000 0.136755627847
5.980000000000 0.145560203354
6.000000000000 0.153936134330
6.020000000000 0.161682848207
6.040000000000 0.168695424930
6.060000000000 0.175043534773
6.080000000000 0.180956220811
6.100000000000 0.186715071480
6.120000000000 0.192509398740
6.140000000000 0.198329589646
6.160000000000 0.203956342306
6.180000000000 0.209053674384
6.200000000000 0.213319013786
6.220000000000 0.216613637281
6.240000000000 0.219007433607
6.260000000000 0.220717812426
6.280000000000 0.221979021607
6.300000000000 0.222914813621
6.320000000000 0.223484435410
6.340000000000 0.223530692053
6.360000000000 0.222901472462
6.380000000000 0.221573799242
6.400000000000 0.219705715785
6.420000000000 0.217579225625
6.440000000000 0.215457585539
6.460000000000 0.213430471956
6.480000000000 0.211333131387
6.500000000000 0.208792086042
6.520000000000 0.205386126504
6.540000000000 0.200849676873
6.560000000000 0.195218684462
6.580000000000 0.188842473510
6.600000000000 0.182248456385
6.620000000000 0.175919150355
6.640000000000 0.170086038620
6.660000000000 0.164639008555
6.680000000000 0.159195295723
6.700000000000 0.153294706328
6.720000000000 0.146626581480
6.740000000000 0.139179063295
6.760000000000 0.131240196965
6.780000000000 0.123253801877
6.800000000000 0.115604246508
6.820000000000 0.108437893680
6.840000000000 0.101608674761
6.860000000000 0.094771747161
6.880000000000 0.087574755416
6.900000000000 0.079848246888
6.920000000000 0.071698968274
6.940000000000 0.063460293735
6.960000000000 0.055526839744
6.980000000000 0.048158480665
7.000000000000 0.041353441880
7.020000000000 0.034854255245
7.040000000000 0.028282878160
7.060000000000 0.021336559137
7.080000000000 0.013946490072
7.100000000000 0.006321112753
7.120000000000 -0.001145688134
7.140000000000 -0.008054302860
7.160000000000 -0.014177839879
7.180000000000 -0.019553401822
7.200000000000 -0.024445962830
7.220000000000 -0.029208580524
7.240000000000 -0.034112394051
7.260000000000 -0.039230943399
7.280000000000 -0.044431658577
7.300000000000 -0.049470532099
7.320000000000 -0.054133799560
7.340000000000 -0.058349357981
7.360000000000 -0.062210349878
7.380000000000 -0.065902296057
7.400000000000 -0.069577096440
7.420000000000 -0.073245012187
7.440000000000 -0.076745413415
7.460000000000 -0.079814696951
7.480000000000 -0.082217916534
7.500000000000 -0.083876425639
7.520000000000 -0.084924801659
7.540000000000 -0.085665709996
7.560000000000 -0.086442747254
7.580000000000 -0.087492362868
7.600000000000 -0.088846081923
7.620000000000 -0.090328878527
7.640000000000 -0.091652106194
7.660000000000 -0.092554030172
7.680000000000 -0.092920100823
7.700000000000 -0.092828043166
7.720000000000 -0.092501760080
7.740000000000 -0.092202497367
7.760000000000 -0.092113482724
7.780000000000 -0.092272638068
7.800000000000 -0.092579743642
7.820000000000 -0.092865596632
7.840000000000 -0.092981583792
7.860000000000 -0.092862671370
7.880000000000 -0.092535936288
7.900000000000 -0.092078459731
7.920000000000 -0.091554973901
7.940000000000 -0.090973343910
7.960000000000 -0.090282076859
7.980000000000 -0.089407754885
8.000000000000 -0.088307031827
8.020000000000 -0.087000558101
8.040000000000 -0.085568300938
8.060000000000 -0.084109514675
8.080000000000 -0.082691960573
8.100000000000 -0.081321441944
8.120000000000 -0.079950592732
8.140000000000 -0.078522182255
8.160000000000 -0.077020750384
8.180000000000 -0.075499845204
8.200000000000 -0.074064840781
8.220000000000 -0.072816653943
8.240000000000 -0.071785593197
8.260000000000 -0.070893282403
8.280000000000 -0.069968346144
8.300000000000 -0.068814029284
8.320000000000 -0.067297521789
8.340000000000 -0.065416885665
8.360000000000 -0.063310229827
8.380000000000 -0.061199367585
8.400000000000 -0.059292723819
8.420000000000 -0.057692951327
8.440000000000 -0.056352758424
8.460000000000 -0.055098764350
8.480000000000 -0.053709990518
8.500000000000 -0.052011913523
8.520000000000 -0.049941745901
8.540000000000 -0.047557770254
8.560000000000 -0.044995346170
8.580000000000 -0.042398493623
8.600000000000 -0.039865007791
8.620000000000 -0.037430940992
8.640000000000 -0.035094798483
8.660000000000 -0.032857965966
8.680000000000 -0.030749487485
8.700000000000 -0.028815070997
8.720000000000 -0.027075059636
8.740000000000 -0.025479124306
8.760000000000 -0.023892236402
8.780000000000 -0.022131653205
8.800000000000 -0.020045310698
8.820000000000 -0.017594406290
8.840000000000 -0.014893652004
8.860000000000 -0.012179162382
8.880000000000 -0.009709673544
8.900000000000 -0.007643828483
8.920000000000 -0.005954342464
8.940000000000 -0.004427323482
8.960000000000 -0.002755760683
8.980000000000 -0.000688647111
9.000000000000 0.001834476566
9.020000000000 0.004632071847
9.040000000000 0.007344325688
9.060000000000 0.009589314936
9.080000000000 0.011142222144
9.100000000000 0.012053337893
9.120000000000 0.012646142151
9.140000000000 0.013391575455
9.160000000000 0.014712745052
9.180000000000 0.016807643288
9.200000000000 0.019569606886
9.220000000000 0.022639801357
9.240000000000 0.025564862300
9.260000000000 0.027985381396
9.280000000000 0.029769634560
9.300000000000 0.031036329088
9.320000000000 0.032064837900
9.340000000000 0.033144117649
9.360000000000 0.034436830624
9.380000000000 0.035922040365
9.400000000000 0.037436591088
9.420000000000 0.038784877552
9.440000000000 0.039854692803
9.460000000000 0.040678326962
9.480000000000 0.041410523692
9.500000000000 0.042240037813
9.520000000000 0.043285418868
9.540000000000 0.044531193239
9.560000000000 0.045836257357
9.580000000000 0.047006231600
9.600000000000 0.047887739236
9.620000000000 0.048432944355
9.640000000000 0.048701570747
9.660000000000 0.048803870270
9.680000000000 0.048821255030
9.700000000000 0.048753159598
9.720000000000 0.048522709592
9.740000000000 0.048038896526
9.760000000000 0.047278668964
9.780000000000 0.046338047603
9.800000000000 0.045415774995
9.820000000000 0.044729216443
9.840000000000 0.044401137945
9.860000000000 0.044376339432
9.880000000000 0.044416866322
9.900000000000 0.044187507738
9.920000000000 0.043397670611
9.940000000000 0.041934812918
9.960000000000 0.039924899369
9.980000000000 0.037687783027
10.000000000000 0.035604702986
10.020000000000 0.033957160985
10.040000000000 0.032810540967
10.060000000000 0.031994930796
10.080000000000 0.031189891178
10.100000000000 0.030071671735
10.120000000000 0.028453822541
10.140000000000 0.026358002585
10.160000000000 0.023987210686
10.180000000000 0.021620584226
10.200000000000 0.019484311354
10.220000000000 0.017660594949
10.240000000000 0.016073883525
10.260000000000 0.014553452663
10.280000000000 0.012934473285
10.300000000000 0.011143866018
10.320000000000 0.009229024986
10.340000000000 0.007319351452
10.360000000000 0.005545367658
10.380000000000 0.003960386678
10.400000000000 0.002506027678
10.420000000000 0.001038517460
10.440000000000 -0.000598906763
10.460000000000 -0.002494853382
10.480000000000 -0.004620207551
10.500000000000 -0.006833424657
10.520000000000 -0.008936624807
10.540000000000 -0.010754831406
10.560000000000 -0.012201988856
10.580000000000 -0.013306464198
10.600000000000 -0.014189512262
10.620000000000 -0.015011494170
10.640000000000 -0.015912314076
10.660000000000 -0.016970394079
10.680000000000 -0.018191745338
10.700000000000 -0.019525329466
10.720000000000 -0.020890966699
10.740000000000 -0.022205343516
10.760000000000 -0.023398357919
10.780000000000 -0.024420495356
10.800000000000 -0.025246560557
10.820000000000 -0.025879705268
10.840000000000 -0.026354484078
10.860000000000 -0.026733410935
10.880000000000 -0.027092161609
10.900000000000 -0.027494597539
10.920000000000 -0.027966592766
10.940000000000 -0.028481812441
10.960000000000 -0.028969354807
10.980000000000 -0.029343080392
11.000000000000 -0.029540523119
11.020000000000 -0.029552362345
11.040000000000 -0.029426266539
11.060000000000 -0.029241077590
11.080000000000 -0.029062962950
11.100000000000 -0.028905949684
11.120000000000 -0.028718782053
11.140000000000 -0.028407632243
11.160000000000 -0.027885648622
11.180000000000 -0.027125181334
11.200000000000 -0.026185089789
11.220000000000 -0.025196356474
11.240000000000 -0.024309450207
11.260000000000 -0.023626492579
11.280000000000 -0.023150193385
11.300000000000 -0.022774824075
11.320000000000 -0.022325139154
11.340000000000 -0.021626565228
11.360000000000 -0.020575311846
11.380000000000 -0.019177508274
11.400000000000 -0.017541607830
11.420000000000 -0.015830365651
11.440000000000 -0.014196654316
11.460000000000 -0.012732619693
11.480000000000 -0.011452331120
11.500000000000 -0.010309763057
11.520000000000 -0.009236579062
11.540000000000 -0.008176652219
11.560000000000 -0.007099756382
11.580000000000 -0.005991456761
11.600000000000 -0.004831218259
11.620000000000 -0.003577580444
11.640000000000 -0.002174216442
11.660000000000 -0.000576915037
11.680000000000 0.001212880035
11.700000000000 0.003128819591
11.720000000000 0.005049907784
11.740000000000 0.006840358800
11.760000000000 0.008402561452
11.780000000000 0.009717815539
11.800000000000 0.010853671450
11.820000000000 0.011932295315
11.840000000000 0.013073530076
11.860000000000 0.014339308723
11.880000000000 0.015705944409
11.900000000000 0.017077421810
11.920000000000 0.018332825920
11.940000000000 0.019384531575
11.960000000000 0.020218983211
11.980000000000 0.020901028611
12.000000000000 0.021540967480
12.020000000000 0.022241428947
12.040000000000 0.023050015872
12.060000000000 0.023939396976
12.080000000000 0.024821998468
12.100000000000 0.025589482351
12.120000000000 0.026156404969
12.140000000000 0.026487736246
12.160000000000 0.026600183754
12.180000000000 0.026541348168
12.200000000000 0.026361001923
12.220000000000 0.026090273431
12.240000000000 0.025737427265
12.260000000000 0.025298119569
12.280000000000 0.024769986674
12.300000000000 0.024160565106
12.320000000000 0.023483691106
12.340000000000 0.022748328739
12.360000000000 0.021949424355
12.380000000000 0.021069192137
12.400000000000 0.020089888528
12.420000000000 0.019010327671
12.440000000000 0.017854016191
12.460000000000 0.016660290976
12.480000000000 0.015459913269
12.500000000000 0.014247565119
12.520000000000 0.012968722819
12.540000000000 0.011533376763
12.560000000000 0.009855508274
12.580000000000 0.007901869383
12.600000000000 0.005725099492
12.620000000000 0.003460367956
12.640000000000 0.001280947205
12.660000000000 -0.000670945367
12.680000000000 -0.002346755914
12.700000000000 -0.003816011662
12.720000000000 -0.005236815915
12.740000000000 -0.006782181573
12.760000000000 -0.008554814766
12.780000000000 -0.010531335360
12.800000000000 -0.012565488388
12.820000000000 -0.014452967600
12.840000000000 -0.016030391791
12.860000000000 -0.017262396727
12.880000000000 -0.018273502429
12.900000000000 -0.019305222218
12.920000000000 -0.020613350780
12.940000000000 -0.022349475258
12.960000000000 -0.024480450498
12.980000000000 -0.026784609826
13.000000000000 -0.028930095993
13.020000000000 -0.030603909227
13.040000000000 -0.031636918312
13.060000000000 -0.032070969558
13.080000000000 -0.032139089244
13.100000000000 -0.032167419393
13.120000000000 -0.032441071411
13.140000000000 -0.033090733907
13.160000000000 -0.034046598523
13.180000000000 -0.035076193608
13.200000000000 -0.035886801330
13.220000000000 -0.036247088378
13.240000000000 -0.036077121310
13.260000000000 -0.035472200337
13.280000000000 -0.034655547553
13.300000000000 -0.033884257644
13.320000000000 -0.033349656792
13.340000000000 -0.033111435175
13.360000000000 -0.033087256037
13.380000000000 -0.033095170595
13.400000000000 -0.032926072237
13.420000000000 -0.032415374482
13.440000000000 -0.031488618716
13.460000000000 -0.030170251796
13.480000000000 -0.028560636078
13.500000000000 -0.026796555203
13.520000000000 -0.025011996505
13.540000000000 -0.023310368936
13.560000000000 -0.021751111142
13.580000000000 -0.020347582539
13.600000000000 -0.019071610549
13.620000000000 -0.017862276112
13.640000000000 -0.016639443160
13.660000000000 -0.015323129478
13.680000000000 -0.013857012387
13.700000000000 -0.012229790163
13.720000000000 -0.010485124804
13.740000000000 -0.008712454049
13.760000000000 -0.007017695483
13.780000000000 -0.005482271719
13.800000000000 -0.004126346530
13.820000000000 -0.002893265882
13.840000000000 -0.001665200805
13.860000000000 -0.000307103337
13.880000000000 0.001277181642
13.900000000000 0.003100089185
13.920000000000 0.005077397956
13.940000000000 0.007055194094
13.960000000000 0.008867449360
13.980000000000 0.010400645144
14.000000000000 0.011637463879
14.020000000000 0.012659710632
14.040000000000 0.013608272095
14.060000000000 0.014617382823
14.080000000000 0.015752787483
14.100000000000 0.016982483440
14.120000000000 0.018194423616
14.140000000000 0.019253968020
14.160000000000 0.020074821808
14.180000000000 0.020669767834
14.200000000000 0.021155694337
14.220000000000 0.021708029242
14.240000000000 0.022483503416
14.260000000000 0.023546050451
14.280000000000 0.024830775122
14.300000000000 0.026164601471
14.320000000000 0.027336524652
14.340000000000 0.028187118435
14.360000000000 0.028677140614
14.380000000000 0.028903758314
14.400000000000 0.029056491415
14.420000000000 0.029332678934
14.440000000000 0.029851109665
14.460000000000 0.030603358420
14.480000000000 0.031464650867
14.500000000000 0.032257967479
14.520000000000 0.032839940531
14.540000000000 0.033167012969
14.560000000000 0.033310289881
14.580000000000 0.033412810822
14.600000000000 0.033611350236
14.620000000000 0.033962406343
14.640000000000 0.034410021517
14.660000000000 0.034812301150
14.680000000000 0.035014075082
14.700000000000 0.034929616737
14.720000000000 0.034593515090
14.740000000000 0.034152854093
14.760000000000 0.033802611067
14.780000000000 0.033694531188
14.800000000000 0.033863567082
14.820000000000 0.034208221312
14.840000000000 0.034535363531
14.860000000000 0.034648855944
14.880000000000 0.034439964286
14.900000000000 0.033936604673
14.920000000000 0.033288453962
14.940000000000 0.032695974031
14.960000000000 0.032318180956
14.980000000000 0.032203431974
15.000000000000 0.032275210943
15.020000000000 0.032377296949
15.040000000000 0.032353733550
15.060000000000 0.032123045550
15.080000000000 0.031710761175
15.100000000000 0.031226587208
15.120000000000 0.030800820942
15.140000000000 0.030514329172
15.160000000000 0.030357949480
15.180000000000 0.030240325240
15.200000000000 0.030037275757
15.220000000000 0.029654564569
15.240000000000 0.029070298993
15.260000000000 0.028335647668
15.280000000000 0.027535969920
15.300000000000 0.026736005778
15.320000000000 0.025940885621
15.340000000000 0.025095184620
15.360000000000 0.024120459402
15.380000000000 0.022969693286
15.400000000000 0.021666999322
15.420000000000 0.020308475003
15.440000000000 0.019021348478
15.460000000000 0.017902006207
15.480000000000 0.016966227455
15.500000000000 0.016139644334
15.520000000000 0.015295464187
15.540000000000 0.014320831741
15.560000000000 0.013176748962
15.580000000000 0.011918527543
15.600000000000 0.010663910759
15.620000000000 0.009524052756
15.640000000000 0.008533645971
15.660000000000 0.007618979406
15.680000000000 0.006624438036
15.700000000000 0.005387736466
15.720000000000 0.003827509458
15.740000000000 0.001997975471
15.760000000000 0.000079687211
15.780000000000 -0.001693569020
15.800000000000 -0.003139217665
15.820000000000 -0.004211891805
15.840000000000 -0.005028354695
15.860000000000 -0.005817393635
15.880000000000 -0.006817043682
15.900000000000 -0.008167444181
15.920000000000 -0.009850157549
15.940000000000 -0.011702406727
15.960000000000 -0.013498349241
15.980000000000 -0.015057130154
16.000000000000 -0.016325009249
16.020000000000 -0.017392368718
16.040000000000 -0.018438996132
16.060000000000 -0.019636418505
16.080000000000 -0.021056731495
16.100000000000 -0.022633315570
16.120000000000 -0.024192426647
16.140000000000 -0.025539283265
16.160000000000 -0.026555539920
16.180000000000 -0.027259947040
16.200000000000 -0.027802637154
16.220000000000 -0.028396217785
16.240000000000 -0.029217381458
16.260000000000 -0.030326260173
16.280000000000 -0.031641179167
16.300000000000 -0.032979146061
16.320000000000 -0.034141102989
16.340000000000 -0.035000822541
16.360000000000 -0.035556474625
16.380000000000 -0.035923290763
16.400000000000 -0.036274197492
16.420000000000 -0.036758817853
16.440000000000 -0.037439067503
16.460000000000 -0.038269083548
16.480000000000 -0.039124681745
16.500000000000 -0.039864451024
16.520000000000 -0.040391815335
16.540000000000 -0.040689982597
16.560000000000 -0.040817009035
16.580000000000 -0.040867838133
16.600000000000 -0.040924536968
16.620000000000 -0.041018948260
16.640000000000 -0.041123511663
16.660000000000 -0.041171352248
16.680000000000 -0.041093375688
16.700000000000 -0.040853941181
16.720000000000 -0.040469465758
16.740000000000 -0.040003480895
16.760000000000 -0.039542217732
16.780000000000 -0.039162042647
16.800000000000 -0.038901672360
16.820000000000 -0.038748622932
16.840000000000 -0.038643252038
16.860000000000 -0.038497782630
16.880000000000 -0.038223616713
16.900000000000 -0.037758542887
16.920000000000 -0.037085817491
16.940000000000 -0.036239193257
16.960000000000 -0.035291618896
16.980000000000 -0.034330234048
17.000000000000 -0.033425416158
17.020000000000 -0.032605099360
17.040000000000 -0.031845257465
17.060000000000 -0.031082260599
17.080000000000 -0.030243923622
17.100000000000 -0.029286949023
17.120000000000 -0.028223656236
17.140000000000 -0.027123672958
17.160000000000 -0.026086590045
17.180000000000 -0.025195420213
17.200000000000 -0.024471520867
17.220000000000 -0.023853511362
17.240000000000 -0.023213539922
17.260000000000 -0.022407380389
17.280000000000 -0.021337940196
17.300000000000 -0.020003317748
17.320000000000 -0.018505535111
17.340000000000 -0.017013094275
17.360000000000 -0.015692002431
17.380000000000 -0.014635572779
17.400000000000 -0.013825128903
17.420000000000 -0.013140202344
17.440000000000 -0.012413960029
17.460000000000 -0.011508314048
17.480000000000 -0.010373874205
17.500000000000 -0.009067318991
17.520000000000 -0.007719389017
17.540000000000 -0.006470450824
17.560000000000 -0.005405727853
17.580000000000 -0.004521411448
17.600000000000 -0.003736563436
17.620000000000 -0.002942377631
17.640000000000 -0.002061856426
17.660000000000 -0.001088596042
17.680000000000 -0.000085160293
17.700000000000 0.000856845407
17.720000000000 0.001672722906
17.740000000000 0.002366125607
17.760000000000 0.003013312500
17.780000000000 0.003727240159
17.800000000000 0.004599735711
17.820000000000 0.005651626981
17.840000000000 0.006816744549
17.860000000000 0.007968313129
17.880000000000 0.008974559375
17.900000000000 0.009755676145
17.920000000000 0.010314126115
17.940000000000 0.010724498523
17.960000000000 0.011090100353
17.980000000000 0.011490109872
18.000000000000 0.011944840580
18.020000000000 0.012415811008
18.040000000000 0.012837986669
18.060000000000 0.013164265016
18.080000000000 0.013396285729
18.100000000000 0.013584049721
18.120000000000 0.013794890664
18.140000000000 0.014070088727
18.160000000000 0.014395013760
18.180000000000 0.014701766838
18.200000000000 0.014905370997
18.220000000000 0.014955247278
18.240000000000 0.014873605730
18.260000000000 0.014757400933
18.280000000000 0.014738601359
18.300000000000 0.014919591633
18.320000000000 0.015315042296
18.340000000000 0.015830604047
18.360000000000 0.016292180335
18.380000000000 0.016515209958
18.400000000000 0.016383380221
18.420000000000 0.015900577739
18.440000000000 0.015191692408
18.460000000000 0.014451522706
18.480000000000 0.013865052935
18.500000000000 0.013535209161
18.520000000000 0.013449845967
18.540000000000 0.013500605297
18.560000000000 0.013541932224
18.580000000000 0.013460694817
18.600000000000 0.013223753912
18.620000000000 0.012883261473
18.640000000000 0.012540719257
18.660000000000 0.012290269887
18.680000000000 0.012170122660
18.700000000000 0.012145069319
18.720000000000 0.012126496802
18.740000000000 0.012017817703
18.760000000000 0.011761847534
18.780000000000 0.011367344138
18.800000000000 0.010903475467
18.820000000000 0.010467022203
18.840000000000 0.010139602244
18.860000000000 0.009955445504
18.880000000000 0.009893502309
18.900000000000 0.009895057116
18.920000000000 0.009896089348
18.940000000000 0.009857950226
18.960000000000 0.009782516111
18.980000000000 0.009706687758
19.000000000000 0.009681132846
19.020000000000 0.009744690035
19.040000000000 0.009906328862
19.060000000000 0.010141641959
19.080000000000 0.010403595299
19.100000000000 0.010641313349
19.120000000000 0.010818416115
19.140000000000 0.010924097834
19.160000000000 0.010974168154
19.180000000000 0.011003428177
19.200000000000 0.011053347707
19.220000000000 0.011159559707
19.240000000000 0.011342734018
19.260000000000 0.011604834546
19.280000000000 0.011931223687
19.300000000000 0.012297695714
19.320000000000 0.012680226730
19.340000000000 0.013064164171
19.360000000000 0.013449263690
19.380000000000 0.013848025078
19.400000000000 0.014277308687
19.420000000000 0.014746454077
19.440000000000 0.015247525781
19.460000000000 0.015753306026
19.480000000000 0.016225640189
19.500000000000 0.016631714612
19.520000000000 0.016961173029
19.540000000000 0.017235282423
19.560000000000 0.017502062559
19.580000000000 0.017817612787
19.600000000000 0.018220935599
19.620000000000 0.018713727817
19.640000000000 0.019255377640
19.660000000000 0.019776872861
19.680000000000 0.020208401267
19.700000000000 0.020508501410
19.720000000000 0.020681350393
19.740000000000 0.020774080580
19.760000000000 0.020855460256
19.780000000000 0.020986178595
19.800000000000 0.021194806516
19.820000000000 0.021470264658
19.840000000000 0.021772984525
19.860000000000 0.022057425955
19.880000000000 0.022293235920
19.900000000000 0.022473926277
19.920000000000 0.022609576649
19.940000000000 0.022709485883
19.960000000000 0.022766614866
19.980000000000 0.022754662655
20.000000000000 0.022641093668
20.020000000000 0.022409501815
20.040000000000 0.022078021538
20.060000000000 0.021701174236
20.080000000000 0.021350730498
20.100000000000 0.021082800375
20.120000000000 0.020907161246
20.140000000000 0.020775662857
20.160000000000 0.020598299498
20.180000000000 0.020281948762
20.200000000000 0.019774681071
20.220000000000 0.019094381425
20.240000000000 0.018326803286
20.260000000000 0.017592341576
20.280000000000 0.016995894611
20.300000000000 0.016582628924
20.320000000000 0.016319911873
20.340000000000 0.016113278678
20.360000000000 0.015848179168
20.380000000000 0.015437413463
20.400000000000 0.014852412624
20.420000000000 0.014125478759
20.440000000000 0.013324952266
20.460000000000 0.012518309429
20.480000000000 0.011742840962
20.500000000000 0.010997791975
20.520000000000 0.010259145780
20.540000000000 0.009505667218
20.560000000000 0.008739193685
20.580000000000 0.007986376982
20.600000000000 0.007280606227
20.620000000000 0.006635125137
20.640000000000 0.006024403576
20.660000000000 0.005387044928
20.680000000000 0.004651740011
20.700000000000 0.003774355466
20.720000000000 0.002766637335
20.740000000000 0.001699756046
20.760000000000 0.000678068241
20.780000000000 -0.000206065516
20.800000000000 -0.000914906817
20.820000000000 -0.001483922250
20.840000000000 -0.002005973269
20.860000000000 -0.002587664820
20.880000000000 -0.003298558695
20.900000000000 -0.004138054149
20.920000000000 -0.005036467240
20.940000000000 -0.005890156934
20.960000000000 -0.006613725308
20.980000000000 -0.007183782086
21.000000000000 -0.007652810341
21.020000000000 -0.008126302237
21.040000000000 -0.008714272682
21.060000000000 -0.009480623756
21.080000000000 -0.010414594451
21.100000000000 -0.011437479880
21.120000000000 -0.012440563742
21.140000000000 -0.013335329745
21.160000000000 -0.014091687784
21.180000000000 -0.014746481516
21.200000000000 -0.015379385971
21.220000000000 -0.016068988058
21.240000000000 -0.016850786680
21.260000000000 -0.017697061824
21.280000000000 -0.018527418160
21.300000000000 -0.019244102450
21.320000000000 -0.019775081690
21.340000000000 -0.020105328339
21.360000000000 -0.020283342577
21.380000000000 -0.020401845756
21.400000000000 -0.020562831249
21.420000000000 -0.020842677194
21.440000000000 -0.021270967254
21.460000000000 -0.021828959633
21.480000000000 -0.022464616986
21.500000000000 -0.023115080349
21.520000000000 -0.023726644309
21.540000000000 -0.024265985230
21.560000000000 -0.024721841266
21.580000000000 -0.025100459301
21.600000000000 -0.025419192854
21.620000000000 -0.025700995878
21.640000000000 -0.025970047383
21.660000000000 -0.026247345800
21.680000000000 -0.026545690617
21.700000000000 -0.026865311712
21.720000000000 -0.027192823175
21.740000000000 -0.027505703247
21.760000000000 -0.027781946147
21.780000000000 -0.028011215885
21.800000000000 -0.028201850125
21.820000000000 -0.028379000674
21.840000000000 -0.028573077748
21.860000000000 -0.028802751715
21.880000000000 -0.029060395392
21.900000000000 -0.029307856289
21.920000000000 -0.029486401054
21.940000000000 -0.029538238660
21.960000000000 -0.029431219160
21.980000000000 -0.029176004431
22.000000000000 -0.028827514798
22.020000000000 -0.028468807988
22.040000000000 -0.028182959207
22.060000000000 -0.028023696089
22.080000000000 -0.027996240570
22.100000000000 -0.028055783743
22.120000000000 -0.028124069362
22.140000000000 -0.028117622006
22.160000000000 -0.027976971283
22.180000000000 -0.027686235511
22.200000000000 -0.027276341141
22.220000000000 -0.026811260544
22.240000000000 -0.026362650309
22.260000000000 -0.025982154028
22.280000000000 -0.025681274117
22.300000000000 -0.025426069989
22.320000000000 -0.025148898649
22.340000000000 -0.024773512651
22.360000000000 -0.024244885045
22.380000000000 -0.023552828947
22.400000000000 -0.022739897728
22.420000000000 -0.021889172250
22.440000000000 -0.021094969503
22.460000000000 -0.020426660315
22.480000000000 -0.019899685395
22.500000000000 -0.019466364184
22.520000000000 -0.019032052765
22.540000000000 -0.018491950862
22.560000000000 -0.017774540194
22.580000000000 -0.016873571171
22.600000000000 -0.015854127770
22.620000000000 -0.014828701660
22.640000000000 -0.013912211485
22.660000000000 -0.013174695998
22.680000000000 -0.012612209436
22.700000000000 -0.012148929970
22.720000000000 -0.011669710589
22.740000000000 -0.011068497275
22.760000000000 -0.010290769803
22.780000000000 -0.009351083481
22.800000000000 -0.008318713488
22.820000000000 -0.007279676436
22.840000000000 -0.006294577695
22.860000000000 -0.005373244722
22.880000000000 -0.004478141100
22.900000000000 -0.003553582608
22.920000000000 -0.002564393045
22.940000000000 -0.001522740292
22.960000000000 -0.000488105301
22.980000000000 0.000460442334
23.000000000000 0.001265591371
23.020000000000 0.001924941239
23.040000000000 0.002497779172
23.060000000000 0.003080657281
23.080000000000 0.003763199227
23.100000000000 0.004586218428
23.120000000000 0.005523540775
23.140000000000 0.006497010143
23.160000000000 0.007417056211
23.180000000000 0.008227828227
23.200000000000 0.008933369855
23.220000000000 0.009591158741
23.240000000000 0.010276562369
23.260000000000 0.011037352228
23.280000000000 0.011863036343
23.300000000000 0.012686210658
23.320000000000 0.013416143025
23.340000000000 0.013987265234
23.360000000000 0.014396555731
23.380000000000 0.014708871061
23.400000000000 0.015025830676
23.420000000000 0.015433384186
23.440000000000 0.015955346649
23.460000000000 0.016538222331
23.480000000000 0.017077080295
23.500000000000 0.017470846171
23.520000000000 0.017679226446
23.540000000000 0.017751275776
23.560000000000 0.017809010312
23.580000000000 0.017992018743
23.600000000000 0.018389333341
23.620000000000 0.018992351125
23.640000000000 0.019693129260
23.660000000000 0.020330349367
23.680000000000 0.020761600517
23.700000000000 0.020927315825
23.720000000000 0.020875548437
23.740000000000 0.020735969383
23.760000000000 0.020656405462
23.780000000000 0.020733383439
23.800000000000 0.020970440839
23.820000000000 0.021283411767
23.840000000000 0.021548053271
23.860000000000 0.021664434843
23.880000000000 0.021605027844
23.900000000000 0.021422936389
23.920000000000 0.021217982238
23.940000000000 0.021080206726
23.960000000000 0.021041481447
23.980000000000 0.021060760511
24.000000000000 0.021050047693
24.020000000000 0.020926276367
24.040000000000 0.020660561306
24.060000000000 0.020297844188
24.080000000000 0.019935883372
24.100000000000 0.019674343980
24.120000000000 0.019560882111
24.140000000000 0.019563057562
24.160000000000 0.019581601952
24.180000000000 0.019498970653
24.200000000000 0.019238522012
24.220000000000 0.018803828972
24.240000000000 0.018277620565
24.260000000000 0.017780517316
24.280000000000 0.017410372304
24.300000000000 0.017192997621
24.320000000000 0.017069237251
24.340000000000 0.016924796377
24.360000000000 0.016647536167
24.380000000000 0.016183209503
24.400000000000 0.015561765841
24.420000000000 0.014881607626
24.440000000000 0.014260556174
24.460000000000 0.013778806653
24.480000000000 0.013442525394
24.500000000000 0.013185551718
24.520000000000 0.012906956966
24.540000000000 0.012524232113
24.560000000000 0.012014720576
24.580000000000 0.011424898874
24.600000000000 0.010844218143
24.620000000000 0.010358372745
24.640000000000 0.010006726927
24.660000000000 0.009765437631
24.680000000000 0.009563674038
24.700000000000 0.009322942569
24.720000000000 0.008997992991
24.740000000000 0.008597875995
24.760000000000 0.008176981107
24.780000000000 0.007802049124
24.800000000000 0.007513615864
24.820000000000 0.007302704805
24.840000000000 0.007114926712
24.860000000000 0.006879338387
24.880000000000 0.006546399881
24.900000000000 0.006114911755
24.920000000000 0.005633994548
24.940000000000 0.005179452518
24.960000000000 0.004817108322
24.980000000000 0.004572018677
25.000000000000 0.004418836463
25.020000000000 0.004297224617
25.040000000000 0.004143337832
25.060000000000 0.003920708593
25.080000000000 0.003635147084
25.100000000000 0.003327393299
25.120000000000 0.003049083456
25.140000000000 0.002835778743
25.160000000000 0.002691246534
25.180000000000 0.002590088639
25.200000000000 0.002495400036
25.220000000000 0.002380219500
25.240000000000 0.002240290960
25.260000000000 0.002091454962
25.280000000000 0.001954304228
25.300000000000 0.001836202331
25.320000000000 0.001722189356
25.340000000000 0.001580962363
25.360000000000 0.001383116578
25.380000000000 0.001121312890
25.400000000000 0.000820319530
25.420000000000 0.000530050479
25.440000000000 0.000304029150
25.460000000000 0.000174032569
25.480000000000 0.000134353129
25.500000000000 0.000144501845
25.520000000000 0.000149579314
25.540000000000 0.000108034174
25.560000000000 0.000012252753
25.580000000000 -0.000109184181
25.600000000000 -0.000209291513
25.620000000000 -0.000251586394
25.640000000000 -0.000234933391
25.660000000000 -0.000200685686
25.680000000000 -0.000217183310
25.700000000000 -0.000348201783
25.720000000000 -0.000620451247
25.740000000000 -0.001006330316
25.760000000000 -0.001431174272
25.780000000000 -0.001802585429
25.800000000000 -0.002048809352
25.820000000000 -0.002148705653
25.840000000000 -0.002139746439
25.860000000000 -0.002100687582
25.880000000000 -0.002117123518
25.900000000000 -0.002245581808
25.920000000000 -0.002491823995
25.940000000000 -0.002811935484
25.960000000000 -0.003134259932
25.980000000000 -0.003391297930
26.000000000000 -0.003547289353
26.020000000000 -0.003610402777
26.040000000000 -0.003626188143
26.060000000000 -0.003657249480
26.080000000000 -0.003759169089
26.100000000000 -0.003962708771
26.120000000000 -0.004267965319
26.140000000000 -0.004650121863
26.160000000000 -0.005071757298
26.180000000000 -0.005495258802
26.200000000000 -0.005890733088
26.220000000000 -0.006238331967
26.240000000000 -0.006526960953
26.260000000000 -0.006752441991
26.280000000000 -0.006917193436
26.300000000000 -0.007031405964
26.320000000000 -0.007113999523
26.340000000000 -0.007191354880
26.360000000000 -0.007292965230
26.380000000000 -0.007444926019
26.400000000000 -0.007663474645
26.420000000000 -0.007950902689
26.440000000000 -0.008295144554
26.460000000000 -0.008672875002
26.480000000000 -0.009054839074
26.500000000000 -0.009411837318
26.520000000000 -0.009720165800
26.540000000000 -0.009965848614
26.560000000000 -0.010147234465
26.580000000000 -0.010275401485
26.600000000000 -0.010371711685
26.620000000000 -0.010462284260
26.640000000000 -0.010570284300
26.660000000000 -0.010708318671
26.680000000000 -0.010874015472
26.700000000000 -0.011051238119
26.720000000000 -0.011217225289
26.740000000000 -0.011353073459
26.760000000000 -0.011452862054
26.780000000000 -0.011526720842
26.800000000000 -0.011595660466
26.820000000000 -0.011680068699
26.840000000000 -0.011787416159
26.860000000000 -0.011905853016
26.880000000000 -0.012008040203
26.900000000000 -0.012064551896
26.920000000000 -0.012060878757
26.940000000000 -0.012009276632
26.960000000000 -0.011948241535
26.980000000000 -0.011927942600
27.000000000000 -0.011987044590
27.020000000000 -0.012131467460
27.040000000000 -0.012325918400
27.060000000000 -0.012503878996
27.080000000000 -0.012593255227
27.100000000000 -0.012547072322
27.120000000000 -0.012365351890
27.140000000000 -0.012097545566
27.160000000000 -0.011823413455
27.180000000000 -0.011620158592
27.200000000000 -0.011530230333
27.220000000000 -0.011544206804
27.240000000000 -0.011606392381
27.260000000000 -0.011640339254
27.280000000000 -0.011582368667
27.300000000000 -0.011407704136
27.320000000000 -0.011137687265
27.340000000000 -0.010825817477
27.360000000000 -0.010530490709
27.380000000000 -0.010288356819
27.400000000000 -0.010101264865
27.420000000000 -0.009942398225
27.440000000000 -0.009777187888
27.460000000000 -0.009587006773
27.480000000000 -0.009382329203
27.500000000000 -0.009197663893
27.520000000000 -0.009070302671
27.540000000000 -0.009013834813
27.560000000000 -0.009000881680
27.580000000000 -0.008965682376
27.600000000000 -0.008827715915
27.620000000000 -0.008527008200
27.640000000000 -0.008055291558
27.660000000000 -0.007468021004
27.680000000000 -0.006870191570
27.700000000000 -0.006380357351
27.720000000000 -0.006086978659
27.740000000000 -0.006014795636
27.760000000000 -0.006114791761
27.780000000000 -0.006281436666
27.800000000000 -0.006389762788
27.820000000000 -0.006337289341
27.840000000000 -0.006074881348
27.860000000000 -0.005616260034
27.880000000000 -0.005025156586
27.900000000000 -0.004387787737
27.920000000000 -0.003782863356
27.940000000000 -0.003260336225
27.960000000000 -0.002834754918
27.980000000000 -0.002492289179
28.000000000000 -0.002205366219
28.020000000000 -0.001947262503
28.040000000000 -0.001700928615
28.060000000000 -0.001460207534
28.080000000000 -0.001225305088
28.100000000000 -0.000996300187
28.120000000000 -0.000768246038
28.140000000000 -0.000529732471
28.160000000000 -0.000264862400
28.180000000000 0.000042611805
28.200000000000 0.000404499960
28.220000000000 0.000823929440
28.240000000000 0.001292530041
28.260000000000 0.001789888834
28.280000000000 0.002286107079
28.300000000000 0.002747831997
28.320000000000 0.003146953232
28.340000000000 0.003469562615
28.360000000000 0.003721653864
28.380000000000 0.003928354862
28.400000000000 0.004125631406
28.420000000000 0.004346750117
28.440000000000 0.004608805393
28.460000000000 0.004905566878
28.480000000000 0.005210828065
28.500000000000 0.005491848190
28.520000000000 0.005727351594
28.540000000000 0.005921474494
28.560000000000 0.006105935064
28.580000000000 0.006327652810
28.600000000000 0.006626062901
28.620000000000 0.007010148642
28.640000000000 0.007446681709
28.660000000000 0.007867090259
28.680000000000 0.008192199438
28.700000000000 0.008365422400
28.720000000000 0.008380005517
28.740000000000 0.008287366292
28.760000000000 0.008181207658
28.780000000000 0.008162733324
28.800000000000 0.008301079624
28.820000000000 0.008605806379
28.840000000000 0.009023436567
28.860000000000 0.009459622243
28.880000000000 0.009817246744
28.900000000000 0.010033857847
28.920000000000 0.010102488025
28.940000000000 0.010067823709
28.960000000000 0.010001070641
28.980000000000 0.009966325620
29.000000000000 0.009994376534
29.020000000000 0.010075301649
29.040000000000 0.010171454162
29.060000000000 0.010242344940
29.080000000000 0.010267569251
29.100000000000 0.010255815102
29.120000000000 0.010235990462
29.140000000000 0.010236362967
29.160000000000 0.010264144413
29.180000000000 0.010297729820
29.200000000000 0.010296891257
29.220000000000 0.010226217653
29.240000000000 0.010079271787
29.260000000000 0.009889573005
29.280000000000 0.009720610971
29.300000000000 0.009637776099
29.320000000000 0.009674974987
29.340000000000 0.009812593787
29.360000000000 0.009979053372
29.380000000000 0.010077293516
29.400000000000 0.010025318855
29.420000000000 0.009792478650
29.440000000000 0.009414319979
29.460000000000 0.008978378052
29.480000000000 0.008586749549
29.500000000000 0.008312295130
29.520000000000 0.008168485115
29.540000000000 0.008106615926
29.560000000000 0.008041323726
29.580000000000 0.007892106194
29.600000000000 0.007621239678
29.620000000000 0.007250498771
29.640000000000 0.006849385420
29.660000000000 0.006501126769
29.680000000000 0.006262990338
29.700000000000 0.006139663323
29.720000000000 0.006081713698
29.740000000000 0.006008967297
29.760000000000 0.005846990544
29.780000000000 0.005559297571
29.800000000000 0.005160806892
29.820000000000 0.004707668541
29.840000000000 0.004269920571
29.860000000000 0.003900959130
29.880000000000 0.003618112554
29.900000000000 0.003402019520
29.920000000000 0.003212733404
29.940000000000 0.003012580412
29.960000000000 0.002783598601
29.980000000000 0.002531562627
30.000000000000 0.002276524321
30.020000000000 0.002037052191
30.040000000000 0.001818115816
30.060000000000 0.001609602530
30.080000000000 0.001395684571
30.100000000000 0.001168600167
30.120000000000 0.000937638992
30.140000000000 0.000726793690
30.160000000000 0.000561181425
30.180000000000 0.000449253841
30.200000000000 0.000371085612
30.220000000000 0.000280659826
30.240000000000 0.000123082109
30.260000000000 -0.000140379398
30.280000000000 -0.000511361435
30.300000000000 -0.000948435356
30.320000000000 -0.001380264996
30.340000000000 -0.001732960268
30.360000000000 -0.001959692059
30.380000000000 -0.002059252140
30.400000000000 -0.002075230988
30.420000000000 -0.002076440031
30.440000000000 -0.002127771853
30.460000000000 -0.002264757080
30.480000000000 -0.002482795306
30.500000000000 -0.002744700445
30.520000000000 -0.003001518578
30.540000000000 -0.003215777301
30.560000000000 -0.003376056752
30.580000000000 -0.003496857824
30.600000000000 -0.003605394210
30.620000000000 -0.003723252146
30.640000000000 -0.003852821162
30.660000000000 -0.003975306358
30.680000000000 -0.004060838603
30.700000000000 -0.004085030770
30.720000000000 -0.004043341158
30.740000000000 -0.003956076262
30.760000000000 -0.003861771689
30.780000000000 -0.003802380622
30.800000000000 -0.003807335085
30.820000000000 -0.003883531334
30.840000000000 -0.004014967141
30.860000000000 -0.004171057640
30.880000000000 -0.004318982751
30.900000000000 -0.004434396407
30.920000000000 -0.004506569029
30.940000000000 -0.004537267649
30.960000000000 -0.004535575187
30.980000000000 -0.004512050582
31.000000000000 -0.004474886949
31.020000000000 -0.004428862576
31.040000000000 -0.004376174476
31.060000000000 -0.004317623649
31.080000000000 -0.004253176452
31.100000000000 -0.004181986398
31.120000000000 -0.004102631027
31.140000000000 -0.004014110559
31.160000000000 -0.003917298226
31.180000000000 -0.003815779138
31.200000000000 -0.003715078931
31.220000000000 -0.003620292359
31.240000000000 -0.003533456629
31.260000000000 -0.003452675541
31.280000000000 -0.003374288306
31.300000000000 -0.003297452729
31.320000000000 -0.003228449584
31.340000000000 -0.003181236481
31.360000000000 -0.003172168060
31.380000000000 -0.003210007789
31.400000000000 -0.003285786748
31.420000000000 -0.003368626753
31.440000000000 -0.003411947557
31.460000000000 -0.003369791032
31.480000000000 -0.003217384017
31.500000000000 -0.002966493777
31.520000000000 -0.002666937014
31.540000000000 -0.002391084784
31.560000000000 -0.002206178679
31.580000000000 -0.002145928275
31.600000000000 -0.002194597058
31.620000000000 -0.002292144299
31.640000000000 -0.002359645052
31.660000000000 -0.002334401831
31.680000000000 -0.002198748668
31.700000000000 -0.001988570924
31.720000000000 -0.001776554018
31.740000000000 -0.001637142960
31.760000000000 -0.001609414595
31.780000000000 -0.001675841876
31.800000000000 -0.001768010313
31.820000000000 -0.001797717064
31.840000000000 -0.001699480101
31.860000000000 -0.001464377842
31.880000000000 -0.001148535040
31.900000000000 -0.000851134426
31.920000000000 -0.000671209345
31.940000000000 -0.000662800285
31.960000000000 -0.000809291170
31.980000000000 -0.001029137103
32.000000000000 -0.001210736895
32.020000000000 -0.001260716493
32.040000000000 -0.001143758559
32.060000000000 -0.000896204527
32.080000000000 -0.000607946279
32.100000000000 -0.000381715073
32.120000000000 -0.000288866470
32.140000000000 -0.000341581792
32.160000000000 -0.000492962181
32.180000000000 -0.000663093418
32.200000000000 -0.000777331506
32.220000000000 -0.000798323595
32.240000000000 -0.000737530715
32.260000000000 -0.000642748662
32.280000000000 -0.000569817172
32.300000000000 -0.000553660568
32.320000000000 -0.000592915669
32.340000000000 -0.000654578068
32.360000000000 -0.000694607359
32.380000000000 -0.000682641627
32.400000000000 -0.000617626844
32.420000000000 -0.000526603473
32.440000000000 -0.000448027416
32.460000000000 -0.000409033954
32.480000000000 -0.000408946888
32.500000000000 -0.000417816945
32.520000000000 -0.000390853808
32.540000000000 -0.000291443980
32.560000000000 -0.000111142384
32.580000000000 0.000123377913
32.600000000000 0.000359916814
32.620000000000 0.000542317689
32.640000000000 0.000633845774
32.660000000000 0.000631658220
32.680000000000 0.000566194258
32.700000000000 0.000486511838
32.720000000000 0.000438883214
32.740000000000 0.000448442683
32.760000000000 0.000511485035
32.780000000000 0.000600563710
32.800000000000 0.000678673577
32.820000000000 0.000715292056
32.840000000000 0.000697260057
32.860000000000 0.000630853848
32.880000000000 0.000535923544
32.900000000000 0.000436337977
32.920000000000 0.000351732947
32.940000000000 0.000293750776
32.960000000000 0.000266913235
32.980000000000 0.000271772286
33.000000000000 0.000307294960
33.020000000000 0.000370691551
33.040000000000 0.000455137587
33.060000000000 0.000547648111
33.080000000000 0.000629658197
33.100000000000 0.000681476386
33.120000000000 0.000689491664
33.140000000000 0.000653104460
33.160000000000 0.000587890595
33.180000000000 0.000522812106
33.200000000000 0.000491782518
33.220000000000 0.000522414845
33.240000000000 0.000626160902
33.260000000000 0.000793663576
33.280000000000 0.000997163177
33.300000000000 0.001199080538
33.320000000000 0.001363573789
33.340000000000 0.001466850944
33.360000000000 0.001502666286
33.380000000000 0.001481418286
33.400000000000 0.001423781356
33.420000000000 0.001351855399
33.440000000000 0.001281618699
33.460000000000 0.001219716654
33.480000000000 0.001165602588
33.500000000000 0.001117567074
33.520000000000 0.001079283137
33.540000000000 0.001063037789
33.560000000000 0.001087161147
33.580000000000 0.001167890361
33.600000000000 0.001308910289
33.620000000000 0.001493688965
33.640000000000 0.001685373698
33.660000000000 0.001836224049
33.680000000000 0.001904273696
33.700000000000 0.001870971647
33.720000000000 0.001751936277
33.740000000000 0.001594833321
33.760000000000 0.001463407564
33.780000000000 0.001412915931
33.800000000000 0.001466819740
33.820000000000 0.001605184099
33.840000000000 0.001771024966
33.860000000000 0.001893281765
33.880000000000 0.001917395015
33.900000000000 0.001830256191
33.920000000000 0.001667875752
33.940000000000 0.001501229143
33.960000000000 0.001405470817
33.980000000000 0.001425663996
34.000000000000 0.001554504315
34.020000000000 0.001732789568
34.040000000000 0.001873440112
34.060000000000 0.001899109628
34.080000000000 0.001776842298
34.100000000000 0.001534061154
34.120000000000 0.001248265269
34.140000000000 0.001014596589
34.160000000000 0.000905511000
34.180000000000 0.000940449841
34.200000000000 0.001078897404
34.220000000000 0.001239584365
34.240000000000 0.001336787835
34.260000000000 0.001317162357
34.280000000000 0.001180737082
34.300000000000 0.000977394772
34.320000000000 0.000781563905
34.340000000000 0.000657592861
34.360000000000 0.000631864026
34.380000000000 0.000683724542
34.400000000000 0.000757973564
34.420000000000 0.000791614126
34.440000000000 0.000741619589
34.460000000000 0.000601146716
34.480000000000 0.000398170203
34.500000000000 0.000179339731
34.520000000000 -0.000011496274
34.540000000000 -0.000149287054
34.560000000000 -0.000231632235
34.580000000000 -0.000270927254
34.600000000000 -0.000281374831
34.620000000000 -0.000269440017
34.640000000000 -0.000233390271
34.660000000000 -0.000171565283
34.680000000000 -0.000093431722
34.700000000000 -0.000025448783
34.720000000000 -0.000006447647
34.740000000000 -0.000073160924
34.760000000000 -0.000242477764
34.780000000000 -0.000499649355
34.800000000000 -0.000799447834
34.820000000000 -0.001081180607
34.840000000000 -0.001291544288
34.860000000000 -0.001405119890
34.880000000000 -0.001433066592
34.900000000000 -0.001415981168
34.920000000000 -0.001404320729
34.940000000000 -0.001435590464
34.960000000000 -0.001518849028
34.980000000000 -0.001633377139
35.000000000000 -0.001741471885
35.020000000000 -0.001808662190
35.040000000000 -0.001821388890
35.060000000000 -0.001793802960
35.080000000000 -0.001760855382
35.100000000000 -0.001761483248
35.120000000000 -0.001820227058
35.140000000000 -0.001935989206
35.160000000000 -0.002082898284
35.180000000000 -0.002222372936
35.200000000000 -0.002320367884
35.220000000000 -0.002361776443
35.240000000000 -0.002355780928
35.260000000000 -0.002330461001
35.280000000000 -0.002319892760
35.300000000000 -0.002350004406
35.320000000000 -0.002429382865
35.340000000000 -0.002548381634
35.360000000000 -0.002685836471
35.380000000000 -0.002819410724
35.400000000000 -0.002934466613
35.420000000000 -0.003027658000
35.440000000000 -0.003104308759
35.460000000000 -0.003171625640
35.480000000000 -0.003231564643
35.500000000000 -0.003277079837
35.520000000000 -0.003293751572
35.540000000000 -0.003266284203
35.560000000000 -0.003187156567
35.580000000000 -0.003063644958
35.600000000000 -0.002919866206
35.620000000000 -0.002792215999
35.640000000000 -0.002719001364
35.660000000000 -0.002727376105
35.680000000000 -0.002822089323
35.700000000000 -0.002980480764
35.720000000000 -0.003156447985
35.740000000000 -0.003293152856
35.760000000000 -0.003340937328
35.780000000000 -0.003274493394
35.800000000000 -0.003102877546
35.820000000000 -0.002867967806
35.840000000000 -0.002630973984
35.860000000000 -0.002451240912
35.880000000000 -0.002364970351
35.900000000000 -0.002372065299
35.920000000000 -0.002436551941
35.940000000000 -0.002500848019
35.960000000000 -0.002508561437
35.980000000000 -0.002426883158
36.000000000000 -0.002259622405
36.020000000000 -0.002045645489
36.040000000000 -0.001843410624
36.060000000000 -0.001707923300
36.080000000000 -0.001669369989
36.100000000000 -0.001721723420
36.120000000000 -0.001825284538
36.140000000000 -0.001921421664
36.160000000000 -0.001953174875
36.180000000000 -0.001883750826
36.200000000000 -0.001706634276
36.220000000000 -0.001444975732
36.240000000000 -0.001142121184
36.260000000000 -0.000847833696
36.280000000000 -0.000605111826
36.300000000000 -0.000440960482
36.320000000000 -0.000362246936
36.340000000000 -0.000356120300
36.360000000000 -0.000393943991
36.380000000000 -0.000437956659
36.400000000000 -0.000450092687
36.420000000000 -0.000401890305
36.440000000000 -0.000283256753
36.460000000000 -0.000106888424
36.480000000000 0.000094540322
36.500000000000 0.000279139451
36.520000000000 0.000411763379
36.540000000000 0.000479229450
36.560000000000 0.000497850648
36.580000000000 0.000508628995
36.600000000000 0.000560556623
36.620000000000 0.000688266710
36.640000000000 0.000893904531
36.660000000000 0.001142369786
36.680000000000 0.001373769601
36.700000000000 0.001529084500
36.720000000000 0.001578274367
36.740000000000 0.001537778875
36.760000000000 0.001468142292
36.780000000000 0.001451023879
36.800000000000 0.001554426040
36.820000000000 0.001801093263
36.840000000000 0.002154583541
36.860000000000 0.002530326503
36.880000000000 0.002828080382
36.900000000000 0.002972482131
36.920000000000 0.002944367161
36.940000000000 0.002789204890
36.960000000000 0.002598823306
36.980000000000 0.002474194491
37.000000000000 0.002485201441
37.020000000000 0.002644366081
37.040000000000 0.002905107368
37.060000000000 0.003184229470
37.080000000000 0.003397974111
37.100000000000 0.003495696099
37.120000000000 0.003477164110
37.140000000000 0.003387435967
37.160000000000 0.003293350643
37.180000000000 0.003253303907
37.200000000000 0.003293905410
37.220000000000 0.003402903414
37.240000000000 0.003539762130
37.260000000000 0.003657371757
37.280000000000 0.003724093988
37.300000000000 0.003736288143
37.320000000000 0.003716714182
37.340000000000 0.003700991641
37.360000000000 0.003719408028
37.380000000000 0.003782695665
37.400000000000 0.003877747855
37.420000000000 0.003974250418
37.440000000000 0.004038354770
37.460000000000 0.004046934975
37.480000000000 0.003996489066
37.500000000000 0.003903708535
37.520000000000 0.003798509323
37.540000000000 0.003713156771
37.560000000000 0.003671989663
37.580000000000 0.003685164383
37.600000000000 0.003747658056
37.620000000000 0.003842642326
37.640000000000 0.003947128356
37.660000000000 0.004037729016
37.680000000000 0.004095141726
37.700000000000 0.004106908885
37.720000000000 0.004068648931
37.740000000000 0.003984094178
37.760000000000 0.003864087143
37.780000000000 0.003724500147
37.800000000000 0.003583107081
37.820000000000 0.003455785698
37.840000000000 0.003352878767
37.860000000000 0.003276809520
37.880000000000 0.003221909562
37.900000000000 0.003176830827
37.920000000000 0.003129036276
37.940000000000 0.003070002537
37.960000000000 0.002999267300
37.980000000000 0.002925579525
38.000000000000 0.002864239223
38.020000000000 0.002831069453
38.040000000000 0.002834919057
38.060000000000 0.002871572641
38.080000000000 0.002921917343
38.100000000000 0.002955960137
38.120000000000 0.002942078605
38.140000000000 0.002858507121
38.160000000000 0.002702562678
38.180000000000 0.002493373195
38.200000000000 0.002266102685
38.220000000000 0.002059178047
38.240000000000 0.001899364567
38.260000000000 0.001791091971
38.280000000000 0.001715189714
38.300000000000 0.001638357379
38.320000000000 0.001529786431
38.340000000000 0.001377610753
38.360000000000 0.001197248977
38.380000000000 0.001026854089
38.400000000000 0.000910858121
38.420000000000 0.000878432296
38.440000000000 0.000926736963
38.460000000000 0.001017384522
38.480000000000 0.001088927386
38.500000000000 0.001080827233
38.520000000000 0.000958702789
38.540000000000 0.000729521328
38.560000000000 0.000439572527
38.580000000000 0.000155769249
38.600000000000 -0.000061515356
38.620000000000 -0.000181924518
38.640000000000 -0.000214516527
38.660000000000 -0.000199382429
38.680000000000 -0.000186197823
38.700000000000 -0.000210476663
38.720000000000 -0.000279022413
38.740000000000 -0.000371146102
38.760000000000 -0.000454137356
38.780000000000 -0.000504313966
38.800000000000 -0.000522343946
38.820000000000 -0.000534725630
38.840000000000 -0.000580643206
38.860000000000 -0.000691087368
38.880000000000 -0.000871183844
38.900000000000 -0.001095031866
38.920000000000 -0.001315903683
38.940000000000 -0.001486770095
38.960000000000 -0.001580896654
38.980000000000 -0.001602381897
39.000000000000 -0.001581846538
39.020000000000 -0.001560165748
39.040000000000 -0.001569100262
39.060000000000 -0.001618822845
39.080000000000 -0.001698156744
39.100000000000 -0.001786198091
39.120000000000 -0.001867810886
39.140000000000 -0.001943628182
39.160000000000 -0.002028644363
39.180000000000 -0.002140291727
39.200000000000 -0.002283239044
39.220000000000 -0.002440427248
39.240000000000 -0.002576678704
39.260000000000 -0.002654215624
39.280000000000 -0.002652419148
39.300000000000 -0.002581097919
39.320000000000 -0.002479307899
39.340000000000 -0.002399110969
39.360000000000 -0.002381752481
39.380000000000 -0.002438198507
39.400000000000 -0.002544238198
39.420000000000 -0.002653123424
39.440000000000 -0.002719666159
39.460000000000 -0.002723605245
39.480000000000 -0.002680203200
39.500000000000 -0.002632499165
39.520000000000 -0.002629126728
39.540000000000 -0.002699145567
39.560000000000 -0.002836929949
39.580000000000 -0.003004907847
39.600000000000 -0.003152581496
39.620000000000 -0.003241727269
39.640000000000 -0.003264508938
39.660000000000 -0.003245144230
39.680000000000 -0.003224661020
39.700000000000 -0.003237389516
39.720000000000 -0.003292232544
39.740000000000 -0.003369021913
39.760000000000 -0.003431842440
39.780000000000 -0.003451652463
39.800000000000 -0.003425110285
39.820000000000 -0.003378327444
39.840000000000 -0.003352507327
39.860000000000 -0.003378726541
39.880000000000 -0.003455835797
39.900000000000 -0.003544716350
39.920000000000 -0.003583974699
39.940000000000 -0.003520675153
39.960000000000 -0.003340954306
39.980000000000 -0.003084182009
40.000000000000 -0.002831739304
40.020000000000 -0.002673980676
40.040000000000 -0.002670239693
40.060000000000 -0.002820947218
40.080000000000 -0.003065679169
40.100000000000 -0.003308662934
40.120000000000 -0.003460016321
40.140000000000 -0.003473409808
40.160000000000 -0.003362744960
40.180000000000 -0.003190853008
40.200000000000 -0.003036867676
40.220000000000 -0.002958954780
40.240000000000 -0.002970548571
40.260000000000 -0.003040633644
40.280000000000 -0.003116027955
40.300000000000 -0.003152614984
40.320000000000 -0.003138617207
40.340000000000 -0.003098045710
40.360000000000 -0.003073496655
40.380000000000 -0.003098547983
40.400000000000 -0.003175319509
40.420000000000 -0.003269646390
40.440000000000 -0.003326623772
40.460000000000 -0.003298285435
40.480000000000 -0.003168739272
40.500000000000 -0.002963530496
40.520000000000 -0.002738430845
40.540000000000 -0.002553667672
40.560000000000 -0.002447039415
40.580000000000 -0.002419549922
40.600000000000 -0.002440197542
40.620000000000 -0.002466262469
40.640000000000 -0.002467413010
40.660000000000 -0.002440434950
40.680000000000 -0.002407037060
40.700000000000 -0.002396785042
40.720000000000 -0.002425468659
40.740000000000 -0.002481623890
40.760000000000 -0.002529255710
40.780000000000 -0.002525661712
40.800000000000 -0.002444693190
40.820000000000 -0.002292525322
40.840000000000 -0.002106859888
40.860000000000 -0.001939386666
40.880000000000 -0.001830457593
40.900000000000 -0.001789310886
40.920000000000 -0.001790400346
40.940000000000 -0.001787882714
40.960000000000 -0.001740633722
40.980000000000 -0.001634499141
41.000000000000 -0.001489901378
41.020000000000 -0.001350691476
41.040000000000 -0.001260134282
41.060000000000 -0.001236815511
41.080000000000 -0.001263381424
41.100000000000 -0.001294287454
41.120000000000 -0.001278704304
41.140000000000 -0.001186711015
41.160000000000 -0.001025120137
41.180000000000 -0.000834650675
41.200000000000 -0.000669841512
41.220000000000 -0.000571996846
41.240000000000 -0.000548951171
41.260000000000 -0.000571790299
41.280000000000 -0.000589872360
41.300000000000 -0.000556197589
41.320000000000 -0.000450172709
41.340000000000 -0.000286549905
41.360000000000 -0.000106677183
41.380000000000 0.000042805859
41.400000000000 0.000132728206
41.420000000000 0.000164468096
41.440000000000 0.000167788426
41.460000000000 0.000185817232
41.480000000000 0.000255633219
41.500000000000 0.000394099729
41.520000000000 0.000594694639
41.540000000000 0.000834662783
41.560000000000 0.001086612086
41.580000000000 0.001327465297
41.600000000000 0.001540769345
41.620000000000 0.001713523734
41.640000000000 0.001832556228
41.660000000000 0.001885584603
41.680000000000 0.001868372972
41.700000000000 0.001794186282
41.720000000000 0.001698494793
41.740000000000 0.001633007534
41.760000000000 0.001648498450
41.780000000000 0.001772754910
41.800000000000 0.001994345878
41.820000000000 0.002261837956
41.840000000000 0.002501474040
41.860000000000 0.002647188867
41.880000000000 0.002669866789
41.900000000000 0.002591862505
41.920000000000 0.002478953868
41.940000000000 0.002412376361
41.960000000000 0.002453293734
41.980000000000 0.002616051346
42.000000000000 0.002862650916
42.020000000000 0.003120855108
42.040000000000 0.003317091044
42.060000000000 0.003408448806
42.080000000000 0.003398950801
42.100000000000 0.003333359821
42.120000000000 0.003272917885
42.140000000000 0.003265916326
42.160000000000 0.003327693505
42.180000000000 0.003438934742
42.200000000000 0.003561240253
42.220000000000 0.003660134085
42.240000000000 0.003722560393
42.260000000000 0.003759868221
42.280000000000 0.003795919098
42.300000000000 0.003848405614
42.320000000000 0.003915091338
42.340000000000 0.003973547590
42.360000000000 0.003994897569
42.380000000000 0.003963644405
42.400000000000 0.003891644969
42.420000000000 0.003817070800
42.440000000000 0.003787393563
42.460000000000 0.003834613483
42.480000000000 0.003956005596
42.500000000000 0.004111591766
42.520000000000 0.004241162423
42.540000000000 0.004293253578
42.560000000000 0.004251577470
42.580000000000 0.004144875858
42.600000000000 0.004034085502
42.620000000000 0.003982206122
42.640000000000 0.004021463222
42.660000000000 0.004134403332
42.680000000000 0.004259163358
42.700000000000 0.004317348019
42.720000000000 0.004251590648
42.740000000000 0.004054698999
42.760000000000 0.003775990745
42.780000000000 0.003501264752
42.800000000000 0.003315523455
42.820000000000 0.003265837773
42.840000000000 0.003341604176
42.860000000000 0.003481035874
42.880000000000 0.003600254792
42.900000000000 0.003630909713
42.920000000000 0.003548799867
42.940000000000 0.003380948909
42.960000000000 0.003189241947
42.980000000000 0.003039746887
43.000000000000 0.002972906168
43.020000000000 0.002988276859
43.040000000000 0.003049596734
43.060000000000 0.003105872573
43.080000000000 0.003116933191
43.100000000000 0.003070767583
43.120000000000 0.002985065392
43.140000000000 0.002893735303
43.160000000000 0.002826463766
43.180000000000 0.002792117263
43.200000000000 0.002774019460
43.220000000000 0.002738669059
43.240000000000 0.002652781687
43.260000000000 0.002499913100
43.280000000000 0.002288823217
43.300000000000 0.002050286178
43.320000000000 0.001824674234
43.340000000000 0.001646542134
43.360000000000 0.001532987975
43.380000000000 0.001479974130
43.400000000000 0.001466752286
43.420000000000 0.001465175174
43.440000000000 0.001449420311
43.460000000000 0.001402622612
43.480000000000 0.001319111138
43.500000000000 0.001202989307
43.520000000000 0.001064752441
43.540000000000 0.000917435569
43.560000000000 0.000773063981
43.580000000000 0.000639702443
43.600000000000 0.000519488456
43.620000000000 0.000408383797
43.640000000000 0.000298347365
43.660000000000 0.000181806304
43.680000000000 0.000056911888
43.700000000000 -0.000069044235
43.720000000000 -0.000180556842
43.740000000000 -0.000259948505
43.760000000000 -0.000296560642
43.780000000000 -0.000294806701
43.800000000000 -0.000276388397
43.820000000000 -0.000274139782
43.840000000000 -0.000318983071
43.860000000000 -0.000425439609
43.880000000000 -0.000582844500
43.900000000000 -0.000757587970
43.920000000000 -0.000906822114
43.940000000000 -0.000998303676
43.960000000000 -0.001027291195
43.980000000000 -0.001021834524
44.000000000000 -0.001032597411
44.020000000000 -0.001110528572
44.040000000000 -0.001281872208
44.060000000000 -0.001532073006
44.080000000000 -0.001806811125
44.100000000000 -0.002030996724
44.120000000000 -0.002138396545
44.140000000000 -0.002099468280
44.160000000000 -0.001935390362
44.180000000000 -0.001712081203
44.200000000000 -0.001516564902
44.220000000000 -0.001425462677
44.240000000000 -0.001478373171
44.260000000000 -0.001666289433
44.280000000000 -0.001938429725
44.300000000000 -0.002223184961
44.320000000000 -0.002453742183
44.340000000000 -0.002588327259
44.360000000000 -0.002618658735
44.380000000000 -0.002565932304
44.400000000000 -0.002468597028
44.420000000000 -0.002368260791
44.440000000000 -0.002298902298
44.460000000000 -0.002281461420
44.480000000000 -0.002322874159
44.500000000000 -0.002417303193
44.520000000000 -0.002547993673
44.540000000000 -0.002689858730
44.560000000000 -0.002814021105
44.580000000000 -0.002895049240
44.600000000000 -0.002919667143
44.620000000000 -0.002893570793
44.640000000000 -0.002842295773
44.660000000000 -0.002803804031
44.680000000000 -0.002814147541
44.700000000000 -0.002891468443
44.720000000000 -0.003025521941
44.740000000000 -0.003178453242
44.760000000000 -0.003297980215
44.780000000000 -0.003338384965
44.800000000000 -0.003280571318
44.820000000000 -0.003142104540
44.840000000000 -0.002972078260
44.860000000000 -0.002832236596
44.880000000000 -0.002772026609
44.900000000000 -0.002808220994
44.920000000000 -0.002917966007
44.940000000000 -0.003048321745
44.960000000000 -0.003138193601
44.980000000000 -0.003143259423
45.000000000000 -0.003053425885
45.020000000000 -0.002895864450
45.040000000000 -0.002723051065
45.060000000000 -0.002591518894
45.080000000000 -0.002540482836
45.100000000000 -0.002578806010
45.120000000000 -0.002684590747
45.140000000000 -0.002816127328
45.160000000000 -0.002928554649
45.180000000000 -0.002989115009
45.200000000000 -0.002985559565
45.220000000000 -0.002925895573
45.240000000000 -0.002831381082
45.260000000000 -0.002726857142
45.280000000000 -0.002632525730
45.300000000000 -0.002559604719
45.320000000000 -0.002510073208
45.340000000000 -0.002479107382
45.360000000000 -0.002458370051
45.380000000000 -0.002438883593
45.400000000000 -0.002413125830
45.420000000000 -0.002376569723
45.440000000000 -0.002328857095
45.460000000000 -0.002274363826
45.480000000000 -0.002221570289
45.500000000000 -0.002180802436
45.520000000000 -0.002160594106
45.540000000000 -0.002163778638
45.560000000000 -0.002184912782
45.580000000000 -0.002210392897
45.600000000000 -0.002221663482
45.620000000000 -0.002200659624
45.640000000000 -0.002135658151
45.660000000000 -0.002025483222
45.680000000000 -0.001880601720
45.700000000000 -0.001720755356
45.720000000000 -0.001569920494
45.740000000000 -0.001450140113
45.760000000000 -0.001375956552
45.780000000000 -0.001350869006
45.800000000000 -0.001366656769
45.820000000000 -0.001405732133
45.840000000000 -0.001446000353
45.860000000000 -0.001467044767
45.880000000000 -0.001455925212
45.900000000000 -0.001410701215
45.920000000000 -0.001340230220
45.940000000000 -0.001259942273
45.960000000000 -0.001184894980
45.980000000000 -0.001122828775
46.000000000000 -0.001070396586
46.020000000000 -0.001014738229
46.040000000000 -0.000940273077
46.060000000000 -0.000837909154
46.080000000000 -0.000712146430
46.100000000000 -0.000581889244
46.120000000000 -0.000473389268
46.140000000000 -0.000407646676
46.160000000000 -0.000387961373
46.180000000000 -0.000394277459
46.200000000000 -0.000388599781
46.220000000000 -0.000330778672
46.240000000000 -0.000198528113
46.260000000000 -0.000002382355
46.280000000000 0.000212660202
46.300000000000 0.000381755999
46.320000000000 0.000446574277
46.340000000000 0.000382638872
46.360000000000 0.000215093372
46.380000000000 0.000014296013
46.400000000000 -0.000128935992
46.420000000000 -0.000139337786
46.440000000000 0.000010481029
46.460000000000 0.000285793622
46.480000000000 0.000600860944
46.500000000000 0.000851861285
46.520000000000 0.000958406844
46.540000000000 0.000896225657
46.560000000000 0.000707002487
46.580000000000 0.000481038100
46.600000000000 0.000320078266
46.620000000000 0.000296179421
46.640000000000 0.000424016164
46.660000000000 0.000657944928
46.680000000000 0.000914208969
46.700000000000 0.001107835645
46.720000000000 0.001187839790
46.740000000000 0.001155795041
46.760000000000 0.001060768949
46.780000000000 0.000974258528
46.800000000000 0.000957265579
46.820000000000 0.001034343667
46.840000000000 0.001185445472
46.860000000000 0.001357867147
46.880000000000 0.001491601668
46.900000000000 0.001546005773
46.920000000000 0.001516016837
46.940000000000 0.001431664395
46.960000000000 0.001342463223
46.980000000000 0.001294779919
47.000000000000 0.001312654179
47.020000000000 0.001390121336
47.040000000000 0.001497326549
47.060000000000 0.001596483072
47.080000000000 0.001659790055
47.100000000000 0.001681284807
47.120000000000 0.001677943302
47.140000000000 0.001680370848
47.160000000000 0.001717828574
47.180000000000 0.001804342360
47.200000000000 0.001931680028
47.220000000000 0.002071783416
47.240000000000 0.002187325345
47.260000000000 0.002246012923
47.280000000000 0.002233106571
47.300000000000 0.002157558484
47.320000000000 0.002049639855
47.340000000000 0.001950953951
47.360000000000 0.001900314976
47.380000000000 0.001920347123
47.400000000000 0.002009450817
47.420000000000 0.002142055331
47.440000000000 0.002277310778
47.460000000000 0.002373395420
47.480000000000 0.002402425059
47.500000000000 0.002360427750
47.520000000000 0.002268389353
47.540000000000 0.002163632369
47.560000000000 0.002084643451
47.580000000000 0.002055364468
47.600000000000 0.002075550328
47.620000000000 0.002121565820
47.640000000000 0.002157653294
47.660000000000 0.002153017240
47.680000000000 0.002097157066
47.700000000000 0.002006236463
47.720000000000 0.001917007142
47.740000000000 0.001870418989
47.760000000000 0.001892041848
47.780000000000 0.001978390063
47.800000000000 0.002096040696
47.820000000000 0.002194838776
47.840000000000 0.002229926862
47.860000000000 0.002182866113
47.880000000000 0.002071959357
47.900000000000 0.001946345197
47.920000000000 0.001865642079
47.940000000000 0.001873640138
47.960000000000 0.001977624807
47.980000000000 0.002142814012
48.000000000000 0.002304911390
48.020000000000 0.002395781410
48.040000000000 0.002371355417
48.060000000000 0.002229784193
48.080000000000 0.002012088805
48.100000000000 0.001785220038
48.120000000000 0.001615055791
48.140000000000 0.001541029777
48.160000000000 0.001562994788
48.180000000000 0.001645199380
48.200000000000 0.001734605334
48.220000000000 0.001784695594
48.240000000000 0.001774082377
48.260000000000 0.001712252164
48.280000000000 0.001631057561
48.300000000000 0.001567054816
48.320000000000 0.001543513734
48.340000000000 0.001560352475
48.360000000000 0.001595915731
48.380000000000 0.001618686714
48.400000000000 0.001602533948
48.420000000000 0.001537972620
48.440000000000 0.001434472011
48.460000000000 0.001313592405
48.480000000000 0.001197239552
48.500000000000 0.001097394318
48.520000000000 0.001012433421
48.540000000000 0.000931405319
48.560000000000 0.000843373731
48.580000000000 0.000746365804
48.600000000000 0.000650817326
48.620000000000 0.000575431951
48.640000000000 0.000537459938
48.660000000000 0.000542440471
48.680000000000 0.000578886700
48.700000000000 0.000621001362
48.720000000000 0.000638498840
48.740000000000 0.000608998278
48.760000000000 0.000527066294
48.780000000000 0.000405545469
48.800000000000 0.000268558340
48.820000000000 0.000139677361
48.840000000000 0.000031157903
48.860000000000 -0.000060380854
48.880000000000 -0.000149666261
48.900000000000 -0.000252091259
48.920000000000 -0.000372228865
48.940000000000 -0.000497772461
48.960000000000 -0.000602635092
48.980000000000 -0.000658426683
49.000000000000 -0.000649154489
49.020000000000 -0.000581931879
49.040000000000 -0.000487865608
49.060000000000 -0.000411629169
49.080000000000 -0.000393578369
49.100000000000 -0.000452111856
49.120000000000 -0.000574414708
49.140000000000 -0.000720370946
49.160000000000 -0.000838680202
49.180000000000 -0.000888630348
49.200000000000 -0.000858142960
49.220000000000 -0.000770019524
49.240000000000 -0.000673304607
49.260000000000 -0.000623181888
49.280000000000 -0.000657924947
49.300000000000 -0.000782812693
49.320000000000 -0.000967920618
49.340000000000 -0.001160628515
49.360000000000 -0.001307259129
49.380000000000 -0.001374365079
49.400000000000 -0.001360547425
49.420000000000 -0.001294107835
49.440000000000 -0.001218254223
49.460000000000 -0.001171054293
49.480000000000 -0.001169392213
49.500000000000 -0.001203967285
49.520000000000 -0.001247003556
49.540000000000 -0.001268375809
49.560000000000 -0.001252083188
49.580000000000 -0.001205118219
49.600000000000 -0.001154630155
49.620000000000 -0.001134962129
49.640000000000 -0.001170930193
49.660000000000 -0.001265372574
49.680000000000 -0.001396824796
49.700000000000 -0.001528296003
49.720000000000 -0.001622910728
49.740000000000 -0.001659105812
49.760000000000 -0.001638516808
49.780000000000 -0.001583323559
49.800000000000 -0.001524821179
49.820000000000 -0.001488932123
49.840000000000 -0.001485461273
49.860000000000 -0.001505740657
49.880000000000 -0.001529096676
49.900000000000 -0.001534409742
49.920000000000 -0.001510902331
49.940000000000 -0.001463085555
49.960000000000 -0.001407954371
49.980000000000 -0.001366373632
50.000000000000 -0.001353232331
50.020000000000 -0.001371165403
50.040000000000 -0.001410515224
