0.400000000000 -0.320156975110
0.420000000000 -0.315149653434
0.440000000000 -0.310957424955
0.460000000000 -0.308287145048
0.480000000000 -0.306732894017
0.500000000000 -0.305105535099
0.520000000000 -0.302184837800
0.540000000000 -0.297428129355
0.560000000000 -0.291219657286
0.580000000000 -0.284524863885
0.600000000000 -0.278162555480
0.620000000000 -0.272131027325
0.640000000000 -0.265398991108
0.660000000000 -0.256313264360
0.680000000000 -0.243425501212
0.700000000000 -0.226293057966
0.720000000000 -0.205803195787
0.740000000000 -0.183813756729
0.760000000000 -0.162269436383
0.780000000000 -0.142244086815
0.800000000000 -0.123415708072
0.820000000000 -0.104265122054
0.840000000000 -0.082910937556
0.860000000000 -0.058151939356
0.880000000000 -0.030168427907
0.900000000000 -0.000506929166
0.920000000000 0.028646619900
0.940000000000 0.055510841749
0.960000000000 0.079488527797
0.980000000000 0.101225202138
1.000000000000 0.121873391088
1.020000000000 0.141936710764
1.040000000000 0.160340636951
1.060000000000 0.174316929659
1.080000000000 0.180305746569
1.100000000000 0.175553892654
1.120000000000 0.159685084040
1.140000000000 0.135456131146
1.160000000000 0.108246641056
1.180000000000 0.084415502836
1.200000000000 0.069215797829
1.220000000000 0.065210367573
1.240000000000 0.071931674984
1.260000000000 0.086955950684
1.280000000000 0.107875116436
1.300000000000 0.134179896273
1.320000000000 0.168052535277
1.340000000000 0.213537251273
1.360000000000 0.274310490904
1.380000000000 0.350969193259
1.400000000000 0.439067299432
1.420000000000 0.528900609448
1.440000000000 0.607353527633
1.460000000000 0.661271018293
1.480000000000 0.681173128139
1.500000000000 0.663965520007
1.520000000000 0.613682986719
1.540000000000 0.540062501218
1.560000000000 0.455551986009
1.580000000000 0.371887854523
1.600000000000 0.297423249507
1.620000000000 0.235978130206
1.640000000000 0.187321172436
1.660000000000 0.148776733880
1.680000000000 0.117123589395
1.700000000000 0.090010624978
1.720000000000 0.066476992953
1.740000000000 0.046628974171
1.760000000000 0.030875338774
1.780000000000 0.019223189315
1.800000000000 0.010986258496
1.820000000000 0.004971982620
1.840000000000 -0.000047386716
1.860000000000 -0.004887598757
1.880000000000 -0.009770715556
1.900000000000 -0.014467154078
1.920000000000 -0.018632612235
1.940000000000 -0.022119979342
1.960000000000 -0.025088064765
1.980000000000 -0.027865518679
2.000000000000 -0.030675121903
2.020000000000 -0.033399105694
2.040000000000 -0.035534801055
2.060000000000 -0.036376996147
2.080000000000 -0.035336209793
2.100000000000 -0.032230483578
2.120000000000 -0.027406978551
2.140000000000 -0.021642417968
2.160000000000 -0.015883721991
2.180000000000 -0.010961389777
2.200000000000 -0.007404545544
2.220000000000 -0.005417236685
2.240000000000 -0.004984234524
2.260000000000 -0.006012921558
2.280000000000 -0.008416580399
2.300000000000 -0.012097941043
2.320000000000 -0.016864102899
2.340000000000 -0.022350794721
2.360000000000 -0.028028835267
2.380000000000 -0.033313943170
2.400000000000 -0.037735334580
2.420000000000 -0.041078733993
2.440000000000 -0.043429211444
2.460000000000 -0.045092750263
2.480000000000 -0.046441165664
2.500000000000 -0.047764611755
2.520000000000 -0.049206668970
2.540000000000 -0.050804832112
2.560000000000 -0.052595164675
2.580000000000 -0.054701946131
2.600000000000 -0.057344052588
2.620000000000 -0.060743578864
2.640000000000 -0.064987196412
2.660000000000 -0.069927737662
2.680000000000 -0.075198558917
2.700000000000 -0.080352236661
2.720000000000 -0.085061507225
2.740000000000 -0.089276751963
2.760000000000 -0.093248441539
2.780000000000 -0.097390803402
2.800000000000 -0.102049596633
2.820000000000 -0.107294563518
2.840000000000 -0.112851674851
2.860000000000 -0.118220835924
2.880000000000 -0.122925902066
2.900000000000 -0.126768355065
2.920000000000 -0.129946416142
2.940000000000 -0.132966418638
2.960000000000 -0.136381455237
2.980000000000 -0.140487316617
3.000000000000 -0.145135768633
3.020000000000 -0.149771128594
3.040000000000 -0.153682977731
3.060000000000 -0.156353298274
3.080000000000 -0.157721013509
3.100000000000 -0.158222446127
3.120000000000 -0.158577404072
3.140000000000 -0.159421918063
3.160000000000 -0.160972131697
3.180000000000 -0.162894360732
3.200000000000 -0.164455859265
3.220000000000 -0.164888676815
3.240000000000 -0.163787413349
3.260000000000 -0.161338951529
3.280000000000 -0.158262208649
3.300000000000 -0.155479952828
3.320000000000 -0.153680519857
3.340000000000 -0.152985530454
3.360000000000 -0.152889628938
3.380000000000 -0.152503827848
3.400000000000 -0.150982437253
3.420000000000 -0.147921354524
3.440000000000 -0.143529726188
3.460000000000 -0.138491025517
3.480000000000 -0.133586162671
3.500000000000 -0.129271339098
3.520000000000 -0.125426211134
3.540000000000 -0.121401872918
3.560000000000 -0.116346593016
3.580000000000 -0.109646622656
3.600000000000 -0.101260606507
3.620000000000 -0.091778650238
3.640000000000 -0.082174290866
3.660000000000 -0.073370391254
3.680000000000 -0.065831826795
3.700000000000 -0.059383323596
3.720000000000 -0.053338137623
3.740000000000 -0.046869588480
3.760000000000 -0.039439676217
3.780000000000 -0.031074988293
3.800000000000 -0.022360032259
3.820000000000 -0.014160220640
3.840000000000 -0.007219089493
3.860000000000 -0.001831503663
3.880000000000 0.002249809310
3.900000000000 0.005638088569
3.920000000000 0.008965514554
3.940000000000 0.012545405064
3.960000000000 0.016212260462
3.980000000000 0.019412829742
4.000000000000 0.021492593248
4.020000000000 0.022025866590
4.040000000000 0.021021552167
4.060000000000 0.018905920193
4.080000000000 0.016300728513
4.100000000000 0.013718548548
4.120000000000 0.011335028855
4.140000000000 0.008952647114
4.160000000000 0.006167764123
4.180000000000 0.002646690062
4.200000000000 -0.001638479155
4.220000000000 -0.006340262843
4.240000000000 -0.010870570352
4.260000000000 -0.014671731157
4.280000000000 -0.017485647008
4.300000000000 -0.019484178057
4.320000000000 -0.021194475590
4.340000000000 -0.023255957821
4.360000000000 -0.026128525433
4.380000000000 -0.029893355911
4.400000000000 -0.034238899964
4.420000000000 -0.038631758280
4.440000000000 -0.042582439328
4.460000000000 -0.045873846089
4.480000000000 -0.048644685180
4.500000000000 -0.051295980855
4.520000000000 -0.054276605582
4.540000000000 -0.057859280402
4.560000000000 -0.062016075680
4.580000000000 -0.066446506768
4.600000000000 -0.070732836185
4.620000000000 -0.074536708969
4.640000000000 -0.077737903736
4.660000000000 -0.080453355700
4.680000000000 -0.082940281740
4.700000000000 -0.085445692614
4.720000000000 -0.088086178830
4.740000000000 -0.090817865288
4.760000000000 -0.093502453293
4.780000000000 -0.096021861906
4.800000000000 -0.098369837876
4.820000000000 -0.100665732022
4.840000000000 -0.103082598416
4.860000000000 -0.105732062563
4.880000000000 -0.108574140949
4.900000000000 -0.111407437583
4.920000000000 -0.113951121519
4.940000000000 -0.115978963841
4.960000000000 -0.117435376750
4.980000000000 -0.118470480956
5.000000000000 -0.119372283434
5.020000000000 -0.120427494084
5.040000000000 -0.121780160403
5.060000000000 -0.123359281565
5.080000000000 -0.124911739207
5.100000000000 -0.126123347618
5.120000000000 -0.126766337056
5.140000000000 -0.126799025357
5.160000000000 -0.126368966170
5.180000000000 -0.125720896072
5.200000000000 -0.125059257714
5.220000000000 -0.124437039145
5.240000000000 -0.123727273350
5.260000000000 -0.122689396879
5.280000000000 -0.121093127346
5.300000000000 -0.118833377227
5.320000000000 -0.115975795168
5.340000000000 -0.112710119839
5.360000000000 -0.109237587521
5.380000000000 -0.105653350885
5.400000000000 -0.101887176715
5.420000000000 -0.097734594425
5.440000000000 -0.092962617907
5.460000000000 -0.087434395949
5.480000000000 -0.081186513521
5.500000000000 -0.074416819572
5.520000000000 -0.067387150690
5.540000000000 -0.060290078746
5.560000000000 -0.053148579247
5.580000000000 -0.045801854884
5.600000000000 -0.037987211084
5.620000000000 -0.029478856897
5.640000000000 -0.020214782432
5.660000000000 -0.010347685981
5.680000000000 -0.000193040728
5.700000000000 0.009901775657
5.720000000000 0.019704290772
5.740000000000 0.029188872466
5.760000000000 0.038530160885
5.780000000000 0.048002774665
5.800000000000 0.057837445485
5.820000000000 0.068103628918
5.840000000000 0.078673616529
5.860000000000 0.089281385297
5.880000000000 0.099642274615
5.900000000000 0.109570805744
5.920000000000 0.119037628044
5.940000000000 0.128140145948
5.960000000000 0.137007182171
5.980000000000 0.145692390582
6.000000000000 0.154116436332
6.020000000000 0.162091579953
6.040000000000 0.169417867000
6.060000000000 0.176000576074
6.080000000000 0.181924517747
6.100000000000 0.187440000043
6.120000000000 0.192858739628
6.140000000000 0.198404239234
6.160000000000 0.204086945523
6.180000000000 0.209666434570
6.200000000000 0.214724088640
6.220000000000 0.218818501931
6.240000000000 0.221656709690
6.260000000000 0.223206107413
6.280000000000 0.223698617907
6.300000000000 0.223527566505
6.320000000000 0.223085656913
6.340000000000 0.222616986245
6.360000000000 0.222146274445
6.380000000000 0.221510000157
6.400000000000 0.220466006030
6.420000000000 0.218823454463
6.440000000000 0.216529699517
6.460000000000 0.213675978663
6.480000000000 0.210426281070
6.500000000000 0.206911954943
6.520000000000 0.203150005067
6.540000000000 0.199028801145
6.560000000000 0.194369029622
6.580000000000 0.189028602207
6.600000000000 0.182997455610
6.620000000000 0.176432804103
6.640000000000 0.169614744494
6.660000000000 0.162841328290
6.680000000000 0.156311876729
6.700000000000 0.150053020450
6.720000000000 0.143921275523
6.740000000000 0.137679404521
6.760000000000 0.131109335418
6.780000000000 0.124108559933
6.800000000000 0.116726793222
6.820000000000 0.109129700423
6.840000000000 0.101511567386
6.860000000000 0.094001872313
6.880000000000 0.086611181240
6.900000000000 0.079240382056
6.920000000000 0.071745312607
6.940000000000 0.064022311175
6.960000000000 0.056071772102
6.980000000000 0.048009683702
7.000000000000 0.040024015476
7.020000000000 0.032299821522
7.040000000000 0.024950740866
7.060000000000 0.017989052362
7.080000000000 0.011345321218
7.100000000000 0.004923296661
7.120000000000 -0.001340965362
7.140000000000 -0.007446781078
7.160000000000 -0.013338444496
7.180000000000 -0.018948898900
7.200000000000 -0.024251624893
7.220000000000 -0.029291000032
7.240000000000 -0.034173169608
7.260000000000 -0.039020451595
7.280000000000 -0.043911486515
7.300000000000 -0.048836961614
7.320000000000 -0.053693168842
7.340000000000 -0.058317081365
7.360000000000 -0.062546670933
7.380000000000 -0.066278834087
7.400000000000 -0.069499843122
7.420000000000 -0.072277767871
7.440000000000 -0.074724947293
7.460000000000 -0.076951745474
7.480000000000 -0.079034204186
7.500000000000 -0.081007897575
7.520000000000 -0.082884491179
7.540000000000 -0.084675023248
7.560000000000 -0.086401463222
7.580000000000 -0.088086730248
7.600000000000 -0.089728034722
7.620000000000 -0.091270753547
7.640000000000 -0.092602852902
7.660000000000 -0.093580983351
7.680000000000 -0.094082945428
7.700000000000 -0.094065658265
7.720000000000 -0.093601413285
7.740000000000 -0.092872044752
7.760000000000 -0.092118164027
7.780000000000 -0.091560836689
7.800000000000 -0.091326484733
7.820000000000 -0.091405844096
7.840000000000 -0.091664150609
7.860000000000 -0.091898364363
7.880000000000 -0.091917681353
7.900000000000 -0.091614406608
7.920000000000 -0.090997247079
7.940000000000 -0.090175640265
7.960000000000 -0.089304334465
7.980000000000 -0.088513169145
8.000000000000 -0.087851555025
8.020000000000 -0.087269360503
8.040000000000 -0.086639868456
8.060000000000 -0.085813344415
8.080000000000 -0.084678508880
8.100000000000 -0.083207728073
8.120000000000 -0.081469633085
8.140000000000 -0.079606157988
8.160000000000 -0.077784120559
8.180000000000 -0.076139718806
8.200000000000 -0.074735370199
8.220000000000 -0.073542701594
8.240000000000 -0.072455869996
8.260000000000 -0.071329290833
8.280000000000 -0.070026431682
8.300000000000 -0.068463562023
8.320000000000 -0.066634696475
8.340000000000 -0.064610470560
8.360000000000 -0.062512286825
8.380000000000 -0.060471110121
8.400000000000 -0.058585191873
8.420000000000 -0.056891038587
8.440000000000 -0.055356933238
8.460000000000 -0.053899924290
8.480000000000 -0.052418501123
8.500000000000 -0.050827600158
8.520000000000 -0.049082469078
8.540000000000 -0.047183374504
8.560000000000 -0.045161838283
8.580000000000 -0.043057153701
8.600000000000 -0.040895677563
8.620000000000 -0.038683083872
8.640000000000 -0.036412539907
8.660000000000 -0.034083181861
8.680000000000 -0.031717611572
8.700000000000 -0.029367303154
8.720000000000 -0.027100811456
8.740000000000 -0.024978572010
8.760000000000 -0.023025413864
8.780000000000 -0.021213931787
8.800000000000 -0.019467471172
8.820000000000 -0.017682766177
8.840000000000 -0.015763487549
8.860000000000 -0.013651333571
8.880000000000 -0.011342911054
8.900000000000 -0.008887421229
8.920000000000 -0.006368506394
8.940000000000 -0.003879392496
8.960000000000 -0.001501168719
8.980000000000 0.000709977726
9.000000000000 0.002726665673
9.020000000000 0.004549650769
9.040000000000 0.006207073625
9.060000000000 0.007754678669
9.080000000000 0.009273685603
9.100000000000 0.010861075937
9.120000000000 0.012609527442
9.140000000000 0.014580244668
9.160000000000 0.016778148812
9.180000000000 0.019141278874
9.200000000000 0.021552490392
9.220000000000 0.023872576115
9.240000000000 0.025983840155
9.260000000000 0.027827135767
9.280000000000 0.029416990791
9.300000000000 0.030828536671
9.320000000000 0.032162454961
9.340000000000 0.033503987682
9.360000000000 0.034894248551
9.380000000000 0.036325399838
9.400000000000 0.037759030907
9.420000000000 0.039155522066
9.440000000000 0.040497256875
9.460000000000 0.041792795589
9.480000000000 0.043060261693
9.500000000000 0.044300258028
9.520000000000 0.045475089374
9.540000000000 0.046508311737
9.560000000000 0.047307945014
9.580000000000 0.047803666772
9.600000000000 0.047979927716
9.620000000000 0.047887845953
9.640000000000 0.047628740806
9.660000000000 0.047316212848
9.680000000000 0.047034483195
9.700000000000 0.046812583156
9.720000000000 0.046625870967
9.740000000000 0.046422411958
9.760000000000 0.046159227581
9.780000000000 0.045828800048
9.800000000000 0.045461858010
9.820000000000 0.045105325393
9.840000000000 0.044787593407
9.860000000000 0.044490031116
9.880000000000 0.044140454650
9.900000000000 0.043632977868
9.920000000000 0.042865325574
9.940000000000 0.041776275517
9.960000000000 0.040366566601
9.980000000000 0.038695576510
10.000000000000 0.036858173623
10.020000000000 0.034954806573
10.040000000000 0.033068764650
10.060000000000 0.031257840823
10.080000000000 0.029557856154
10.100000000000 0.027988731729
10.120000000000 0.026554077040
10.140000000000 0.025232230047
10.160000000000 0.023965712801
10.180000000000 0.022660999432
10.200000000000 0.021207369149
10.220000000000 0.019513271401
10.240000000000 0.017546584480
10.260000000000 0.015358699339
10.280000000000 0.013076394720
10.300000000000 0.010859342004
10.320000000000 0.008838410396
10.340000000000 0.007061670445
10.360000000000 0.005474167633
10.380000000000 0.003943328867
10.400000000000 0.002320504586
10.420000000000 0.000511101822
10.440000000000 -0.001479556771
10.460000000000 -0.003546762452
10.480000000000 -0.005533413254
10.500000000000 -0.007300980579
10.520000000000 -0.008790244509
10.540000000000 -0.010042826886
10.560000000000 -0.011174264504
10.580000000000 -0.012313614526
10.600000000000 -0.013540989794
10.620000000000 -0.014854571168
10.640000000000 -0.016182529139
10.660000000000 -0.017431387016
10.680000000000 -0.018543257105
10.700000000000 -0.019530164435
10.720000000000 -0.020466566169
10.740000000000 -0.021444295884
10.760000000000 -0.022515097778
10.780000000000 -0.023653301241
10.800000000000 -0.024760811379
10.820000000000 -0.025713772160
10.840000000000 -0.026427140453
10.860000000000 -0.026902555118
10.880000000000 -0.027232523379
10.900000000000 -0.027556478576
10.920000000000 -0.027989973796
10.940000000000 -0.028563430743
10.960000000000 -0.029203026533
10.980000000000 -0.029764982166
11.000000000000 -0.030106608467
11.020000000000 -0.030157659375
11.040000000000 -0.029954586052
11.060000000000 -0.029619160376
11.080000000000 -0.029292098584
11.100000000000 -0.029056511038
11.120000000000 -0.028892231729
11.140000000000 -0.028686549845
11.160000000000 -0.028297237389
11.180000000000 -0.027635393947
11.200000000000 -0.026723638328
11.220000000000 -0.025696474300
11.240000000000 -0.024739068508
11.260000000000 -0.023993330298
11.280000000000 -0.023479030356
11.300000000000 -0.023072363300
11.320000000000 -0.022556727569
11.340000000000 -0.021724050151
11.360000000000 -0.020478155579
11.380000000000 -0.018888493919
11.400000000000 -0.017165346373
11.420000000000 -0.015565644922
11.440000000000 -0.014273093593
11.460000000000 -0.013310068851
11.480000000000 -0.012524594529
11.500000000000 -0.011660114083
11.520000000000 -0.010476020995
11.540000000000 -0.008862305214
11.560000000000 -0.006894191084
11.580000000000 -0.004801011364
11.600000000000 -0.002864002702
11.620000000000 -0.001290780458
11.640000000000 -0.000124369253
11.660000000000 0.000772455352
11.680000000000 0.001652328819
11.700000000000 0.002769544403
11.720000000000 0.004269760695
11.740000000000 0.006131463452
11.760000000000 0.008181716495
11.780000000000 0.010174447604
11.800000000000 0.011892975343
11.820000000000 0.013231202740
11.840000000000 0.014221540873
11.860000000000 0.015003994925
11.880000000000 0.015756656589
11.900000000000 0.016621486330
11.920000000000 0.017656137296
11.940000000000 0.018826479405
11.960000000000 0.020034784281
11.980000000000 0.021164868945
12.000000000000 0.022123028128
12.020000000000 0.022861100468
12.040000000000 0.023379563457
12.060000000000 0.023717339292
12.080000000000 0.023937180567
12.100000000000 0.024111860688
12.120000000000 0.024311097908
12.140000000000 0.024586706487
12.160000000000 0.024955753596
12.180000000000 0.025386609035
12.200000000000 0.025796416488
12.220000000000 0.026066934459
12.240000000000 0.026078331980
12.260000000000 0.025750745001
12.280000000000 0.025076781394
12.300000000000 0.024129268987
12.320000000000 0.023038046489
12.340000000000 0.021943483991
12.360000000000 0.020945828158
12.380000000000 0.020072283280
12.400000000000 0.019275984591
12.420000000000 0.018466147759
12.440000000000 0.017553980805
12.460000000000 0.016491839582
12.480000000000 0.015287249037
12.500000000000 0.013986704781
12.520000000000 0.012639786193
12.540000000000 0.011264013108
12.560000000000 0.009829993665
12.580000000000 0.008275288220
12.600000000000 0.006539925167
12.620000000000 0.004604768571
12.640000000000 0.002512079348
12.660000000000 0.000356580840
12.680000000000 -0.001749550923
12.700000000000 -0.003720948388
12.720000000000 -0.005530953588
12.740000000000 -0.007215786070
12.760000000000 -0.008849588443
12.780000000000 -0.010503482065
12.800000000000 -0.012209444549
12.820000000000 -0.013946876931
12.840000000000 -0.015657834623
12.860000000000 -0.017282212359
12.880000000000 -0.018794127862
12.900000000000 -0.020220273459
12.920000000000 -0.021630143575
12.940000000000 -0.023102091514
12.960000000000 -0.024681153632
12.980000000000 -0.026348771385
13.000000000000 -0.028019165696
13.020000000000 -0.029565002586
13.040000000000 -0.030861962474
13.060000000000 -0.031833793916
13.080000000000 -0.032479652591
13.100000000000 -0.032873353608
13.120000000000 -0.033135721357
13.140000000000 -0.033391447362
13.160000000000 -0.033726837770
13.180000000000 -0.034163234586
13.200000000000 -0.034654140387
13.220000000000 -0.035105259824
13.240000000000 -0.035409077038
13.260000000000 -0.035481498234
13.280000000000 -0.035288297431
13.300000000000 -0.034853079129
13.320000000000 -0.034244814590
13.340000000000 -0.033549877293
13.360000000000 -0.032838917455
13.380000000000 -0.032141077607
13.400000000000 -0.031435844137
13.420000000000 -0.030666434619
13.440000000000 -0.029769910448
13.460000000000 -0.028711475224
13.480000000000 -0.027507263863
13.500000000000 -0.026223557645
13.520000000000 -0.024950164870
13.540000000000 -0.023757937202
13.560000000000 -0.022659445516
13.580000000000 -0.021592790281
13.600000000000 -0.020439766551
13.620000000000 -0.019074202307
13.640000000000 -0.017421064755
13.660000000000 -0.015499470826
13.680000000000 -0.013427608406
13.700000000000 -0.011383634284
13.720000000000 -0.009536998953
13.740000000000 -0.007979697929
13.760000000000 -0.006688856475
13.780000000000 -0.005538965559
13.800000000000 -0.004359484828
13.820000000000 -0.003011970076
13.840000000000 -0.001450993588
13.860000000000 0.000259749889
13.880000000000 0.001983519967
13.900000000000 0.003580867264
13.920000000000 0.004979408227
13.940000000000 0.006208340259
13.960000000000 0.007380457022
13.980000000000 0.008630786391
14.000000000000 0.010043094645
14.020000000000 0.011602080001
14.040000000000 0.013196472619
14.060000000000 0.014672529630
14.080000000000 0.015911460431
14.100000000000 0.016891422920
14.120000000000 0.017701765812
14.140000000000 0.018500954027
14.160000000000 0.019438264454
14.180000000000 0.020578302578
14.200000000000 0.021866774167
14.220000000000 0.023155696993
14.240000000000 0.024276340249
14.260000000000 0.025123715914
14.280000000000 0.025709967350
14.300000000000 0.026159082114
14.320000000000 0.026644655350
14.340000000000 0.027301289138
14.360000000000 0.028154025759
14.380000000000 0.029101834598
14.400000000000 0.029964595904
14.420000000000 0.030571432693
14.440000000000 0.030847402303
14.460000000000 0.030855900915
14.480000000000 0.030775516853
14.500000000000 0.030821879254
14.520000000000 0.031151561318
14.540000000000 0.031793351856
14.560000000000 0.032638428294
14.580000000000 0.033492294329
14.600000000000 0.034162110706
14.620000000000 0.034537492384
14.640000000000 0.034628071610
14.660000000000 0.034543769917
14.680000000000 0.034431949030
14.700000000000 0.034405293817
14.720000000000 0.034496130670
14.740000000000 0.034656916774
14.760000000000 0.034801796085
14.780000000000 0.034863419831
14.800000000000 0.034833006508
14.820000000000 0.034762382583
14.840000000000 0.034728215560
14.860000000000 0.034779280368
14.880000000000 0.034896676236
14.900000000000 0.034990011484
14.920000000000 0.034933621724
14.940000000000 0.034625883570
14.960000000000 0.034042422560
14.980000000000 0.033256568228
15.000000000000 0.032416224657
15.020000000000 0.031687254979
15.040000000000 0.031189105125
15.060000000000 0.030951302239
15.080000000000 0.030908783687
15.100000000000 0.030935519890
15.120000000000 0.030898819270
15.140000000000 0.030709013508
15.160000000000 0.030343821013
15.180000000000 0.029840368993
15.200000000000 0.029263334277
15.220000000000 0.028667454358
15.240000000000 0.028072731173
15.260000000000 0.027462055883
15.280000000000 0.026798842197
15.300000000000 0.026052828675
15.320000000000 0.025219715456
15.340000000000 0.024325089020
15.360000000000 0.023411936040
15.380000000000 0.022519180921
15.400000000000 0.021662309398
15.420000000000 0.020825155359
15.440000000000 0.019966038172
15.460000000000 0.019034891807
15.480000000000 0.017993798675
15.500000000000 0.016832791011
15.520000000000 0.015575390416
15.540000000000 0.014272441150
15.560000000000 0.012986611492
15.580000000000 0.011772463185
15.600000000000 0.010658014140
15.620000000000 0.009633431445
15.640000000000 0.008651000422
15.660000000000 0.007637767856
15.680000000000 0.006518407508
15.700000000000 0.005241744115
15.720000000000 0.003801608124
15.740000000000 0.002243057751
15.760000000000 0.000649372246
15.780000000000 -0.000887363527
15.800000000000 -0.002301652931
15.820000000000 -0.003581409843
15.840000000000 -0.004773708509
15.860000000000 -0.005965185183
15.880000000000 -0.007244063527
15.900000000000 -0.008659897784
15.920000000000 -0.010199401145
15.940000000000 -0.011790363966
15.960000000000 -0.013333058572
15.980000000000 -0.014745415064
16.000000000000 -0.016001066407
16.020000000000 -0.017141987589
16.040000000000 -0.018259085952
16.060000000000 -0.019449377723
16.080000000000 -0.020769888339
16.100000000000 -0.022210333599
16.120000000000 -0.023697783129
16.140000000000 -0.025131049843
16.160000000000 -0.026428055098
16.180000000000 -0.027563093541
16.200000000000 -0.028575958095
16.220000000000 -0.029548806827
16.240000000000 -0.030562521816
16.260000000000 -0.031654223012
16.280000000000 -0.032796687255
16.300000000000 -0.033909294812
16.320000000000 -0.034894513938
16.340000000000 -0.035681715575
16.360000000000 -0.036257274034
16.380000000000 -0.036667548497
16.400000000000 -0.036995215899
16.420000000000 -0.037322285009
16.440000000000 -0.037698515470
16.460000000000 -0.038129550800
16.480000000000 -0.038587685225
16.500000000000 -0.039036165031
16.520000000000 -0.039451667663
16.540000000000 -0.039832157438
16.560000000000 -0.040186878611
16.580000000000 -0.040516263003
16.600000000000 -0.040795795910
16.620000000000 -0.040975918475
16.640000000000 -0.041000933606
16.660000000000 -0.040838638194
16.680000000000 -0.040505223060
16.700000000000 -0.040070905006
16.720000000000 -0.039640523826
16.740000000000 -0.039315557118
16.760000000000 -0.039153485720
16.780000000000 -0.039142419573
16.800000000000 -0.039202432230
16.820000000000 -0.039213394592
16.840000000000 -0.039057870629
16.860000000000 -0.038661942523
16.880000000000 -0.038018794903
16.900000000000 -0.037187885510
16.920000000000 -0.036272373867
16.940000000000 -0.035384756297
16.960000000000 -0.034612886250
16.980000000000 -0.033996055467
17.000000000000 -0.033515929780
17.020000000000 -0.033102555418
17.040000000000 -0.032652825332
17.060000000000 -0.032057454771
17.080000000000 -0.031231455133
17.100000000000 -0.030141546871
17.120000000000 -0.028822536730
17.140000000000 -0.027375195180
17.160000000000 -0.025942242769
17.180000000000 -0.024666571614
17.200000000000 -0.023644197842
17.220000000000 -0.022889450777
17.240000000000 -0.022327911604
17.260000000000 -0.021822911303
17.280000000000 -0.021227313325
17.300000000000 -0.020440144634
17.320000000000 -0.019443733312
17.340000000000 -0.018304312850
17.360000000000 -0.017135113799
17.380000000000 -0.016038600027
17.400000000000 -0.015055079772
17.420000000000 -0.014142697483
17.440000000000 -0.013199164113
17.460000000000 -0.012115223578
17.480000000000 -0.010833763063
17.500000000000 -0.009384940455
17.520000000000 -0.007878960526
17.540000000000 -0.006458952948
17.560000000000 -0.005236494202
17.580000000000 -0.004241439130
17.600000000000 -0.003410995837
17.620000000000 -0.002623515986
17.640000000000 -0.001760011442
17.660000000000 -0.000762400181
17.680000000000 0.000340787911
17.700000000000 0.001453785873
17.720000000000 0.002467355601
17.740000000000 0.003318487793
17.760000000000 0.004024526092
17.780000000000 0.004673559711
17.800000000000 0.005375855609
17.820000000000 0.006201715462
17.840000000000 0.007138660593
17.860000000000 0.008091225104
17.880000000000 0.008924735627
17.900000000000 0.009531573415
17.920000000000 0.009886436462
17.940000000000 0.010062328322
17.960000000000 0.010198781778
17.980000000000 0.010438004537
18.000000000000 0.010860756798
18.020000000000 0.011453575460
18.040000000000 0.012122656723
18.060000000000 0.012745832810
18.080000000000 0.013235005407
18.100000000000 0.013576885737
18.120000000000 0.013832030300
18.140000000000 0.014094372137
18.160000000000 0.014434011111
18.180000000000 0.014854264856
18.200000000000 0.015285819976
18.220000000000 0.015620824612
18.240000000000 0.015768612230
18.260000000000 0.015703551852
18.280000000000 0.015479983480
18.300000000000 0.015206709446
18.320000000000 0.014994664297
18.340000000000 0.014905033348
18.360000000000 0.014924242763
18.380000000000 0.014977659214
18.400000000000 0.014973464381
18.420000000000 0.014852813806
18.440000000000 0.014619958691
18.460000000000 0.014337416156
18.480000000000 0.014090126505
18.500000000000 0.013938699864
18.520000000000 0.013886903726
18.540000000000 0.013880170837
18.560000000000 0.013834971073
18.580000000000 0.013682625334
18.600000000000 0.013404118557
18.620000000000 0.013038072943
18.640000000000 0.012658830637
18.660000000000 0.012337375675
18.680000000000 0.012106198688
18.700000000000 0.011946067526
18.720000000000 0.011800230193
18.740000000000 0.011606932595
18.760000000000 0.011332210556
18.780000000000 0.010986147735
18.800000000000 0.010615867524
18.820000000000 0.010281383680
18.840000000000 0.010028833534
18.860000000000 0.009875237761
18.880000000000 0.009810663468
18.900000000000 0.009812876841
18.920000000000 0.009862814296
18.940000000000 0.009950341719
18.960000000000 0.010067745546
18.980000000000 0.010197915500
19.000000000000 0.010308941756
19.020000000000 0.010363427079
19.040000000000 0.010340865679
19.060000000000 0.010260940437
19.080000000000 0.010191411674
19.100000000000 0.010230032143
19.120000000000 0.010463515806
19.140000000000 0.010920922702
19.160000000000 0.011545544827
19.180000000000 0.012203596123
19.200000000000 0.012731391150
19.220000000000 0.013003093309
19.240000000000 0.012988714536
19.260000000000 0.012774002823
19.280000000000 0.012530227574
19.300000000000 0.012445205167
19.320000000000 0.012645765063
19.340000000000 0.013146634559
19.360000000000 0.013848676208
19.380000000000 0.014586252935
19.400000000000 0.015200597124
19.420000000000 0.015604700943
19.440000000000 0.015810845668
19.460000000000 0.015911258888
19.480000000000 0.016025446809
19.500000000000 0.016242794982
19.520000000000 0.016588812655
19.540000000000 0.017028767912
19.560000000000 0.017501736553
19.580000000000 0.017962476404
19.600000000000 0.018406134400
19.620000000000 0.018862335486
19.640000000000 0.019363847977
19.660000000000 0.019910204477
19.680000000000 0.020449909387
19.700000000000 0.020894416375
19.720000000000 0.021158765303
19.740000000000 0.021207849681
19.760000000000 0.021082705069
19.780000000000 0.020890738880
19.800000000000 0.020762501815
19.820000000000 0.020795411822
19.840000000000 0.021012146144
19.860000000000 0.021354197919
19.880000000000 0.021713140689
19.900000000000 0.021983004508
19.920000000000 0.022106978959
19.940000000000 0.022095679022
19.960000000000 0.022010016943
19.980000000000 0.021920598932
20.000000000000 0.021867291142
20.020000000000 0.021841032124
20.040000000000 0.021796345806
20.060000000000 0.021685178611
20.080000000000 0.021490704640
20.100000000000 0.021240279444
20.120000000000 0.020989346925
20.140000000000 0.020785542201
20.160000000000 0.020634446259
20.180000000000 0.020488283165
20.200000000000 0.020266129723
20.220000000000 0.019895944895
20.240000000000 0.019355299399
20.260000000000 0.018687032079
20.280000000000 0.017979109225
20.300000000000 0.017317888489
20.320000000000 0.016739784616
20.340000000000 0.016208845976
20.360000000000 0.015634872935
20.380000000000 0.014924838656
20.400000000000 0.014041205479
20.420000000000 0.013035015426
20.440000000000 0.012033226967
20.460000000000 0.011183245559
20.480000000000 0.010580830487
20.500000000000 0.010218045071
20.520000000000 0.009979477626
20.540000000000 0.009691286459
20.560000000000 0.009200616068
20.580000000000 0.008446629921
20.600000000000 0.007487613095
20.620000000000 0.006470125861
20.640000000000 0.005555269140
20.660000000000 0.004838875488
20.680000000000 0.004305585063
20.700000000000 0.003839546752
20.720000000000 0.003285664894
20.740000000000 0.002529689731
20.760000000000 0.001556190964
20.780000000000 0.000455252695
20.800000000000 -0.000624626587
20.820000000000 -0.001552316613
20.840000000000 -0.002279075477
20.860000000000 -0.002859593750
20.880000000000 -0.003419169578
20.900000000000 -0.004085210639
20.920000000000 -0.004919452905
20.940000000000 -0.005886252793
20.960000000000 -0.006872861776
20.980000000000 -0.007750147978
21.000000000000 -0.008441245227
21.020000000000 -0.008961966111
21.040000000000 -0.009412161185
21.060000000000 -0.009923219873
21.080000000000 -0.010589797441
21.100000000000 -0.011421667456
21.120000000000 -0.012340479130
21.140000000000 -0.013222278615
21.160000000000 -0.013962689235
21.180000000000 -0.014530212241
21.200000000000 -0.014979995173
21.220000000000 -0.015421690532
21.240000000000 -0.015959274263
21.260000000000 -0.016635130755
21.280000000000 -0.017407933430
21.300000000000 -0.018175618657
21.320000000000 -0.018830895369
21.340000000000 -0.019319837098
21.360000000000 -0.019672853876
21.380000000000 -0.019992066392
21.400000000000 -0.020401798165
21.420000000000 -0.020987617880
21.440000000000 -0.021754560009
21.460000000000 -0.022624592142
21.480000000000 -0.023473080606
21.500000000000 -0.024184745521
21.520000000000 -0.024701192647
21.540000000000 -0.025038271864
21.560000000000 -0.025268191009
21.580000000000 -0.025479202269
21.600000000000 -0.025735396723
21.620000000000 -0.026056230222
21.640000000000 -0.026422445167
21.660000000000 -0.026799899327
21.680000000000 -0.027164014637
21.700000000000 -0.027509601176
21.720000000000 -0.027841787918
21.740000000000 -0.028156727022
21.760000000000 -0.028427733558
21.780000000000 -0.028609337583
21.800000000000 -0.028660213502
21.820000000000 -0.028572985688
21.840000000000 -0.028392422690
21.860000000000 -0.028207908354
21.880000000000 -0.028119498244
21.900000000000 -0.028192142565
21.920000000000 -0.028421119801
21.940000000000 -0.028728089108
21.960000000000 -0.028992622535
21.980000000000 -0.029105890999
22.000000000000 -0.029020945903
22.020000000000 -0.028774547729
22.040000000000 -0.028468976252
22.060000000000 -0.028222090032
22.080000000000 -0.028109962992
22.100000000000 -0.028130367408
22.120000000000 -0.028205028729
22.140000000000 -0.028219150618
22.160000000000 -0.028078100379
22.180000000000 -0.027752826852
22.200000000000 -0.027291697900
22.220000000000 -0.026793705801
22.240000000000 -0.026357450869
22.260000000000 -0.026032055761
22.280000000000 -0.025794406486
22.300000000000 -0.025563109716
22.320000000000 -0.025240769698
22.340000000000 -0.024762313926
22.360000000000 -0.024125007343
22.380000000000 -0.023386103070
22.400000000000 -0.022631037394
22.420000000000 -0.021929770996
22.440000000000 -0.021303929698
22.460000000000 -0.020720698570
22.480000000000 -0.020114984112
22.500000000000 -0.019426954372
22.520000000000 -0.018635036890
22.540000000000 -0.017767943649
22.560000000000 -0.016890861035
22.580000000000 -0.016074162536
22.600000000000 -0.015361034886
22.620000000000 -0.014749581810
22.640000000000 -0.014196458857
22.660000000000 -0.013637939850
22.680000000000 -0.013016474115
22.700000000000 -0.012299912766
22.720000000000 -0.011486272657
22.740000000000 -0.010595328194
22.760000000000 -0.009654603858
22.780000000000 -0.008688371429
22.800000000000 -0.007714254408
22.820000000000 -0.006746110841
22.840000000000 -0.005797911576
22.860000000000 -0.004883654115
22.880000000000 -0.004012342795
22.900000000000 -0.003181736404
22.920000000000 -0.002376536621
22.940000000000 -0.001574397104
22.960000000000 -0.000757871378
22.980000000000 0.000074396894
23.000000000000 0.000904894897
23.020000000000 0.001706439045
23.040000000000 0.002459766426
23.060000000000 0.003169897176
23.080000000000 0.003870684444
23.100000000000 0.004612370689
23.120000000000 0.005436300502
23.140000000000 0.006349144850
23.160000000000 0.007311131400
23.180000000000 0.008246922861
23.200000000000 0.009076401632
23.220000000000 0.009751523918
23.240000000000 0.010280765561
23.260000000000 0.010727588798
23.280000000000 0.011181903561
23.300000000000 0.011717478660
23.320000000000 0.012356300905
23.340000000000 0.013058358909
23.360000000000 0.013743006383
23.380000000000 0.014331945813
23.400000000000 0.014792256061
23.420000000000 0.015157031519
23.440000000000 0.015511960402
23.460000000000 0.015953354169
23.480000000000 0.016538048283
23.500000000000 0.017250465932
23.520000000000 0.018004213271
23.540000000000 0.018678634450
23.560000000000 0.019173266471
23.580000000000 0.019453956752
23.600000000000 0.019568243119
23.620000000000 0.019622565450
23.640000000000 0.019732469969
23.660000000000 0.019969885846
23.680000000000 0.020332456868
23.700000000000 0.020748587650
23.720000000000 0.021114235507
23.740000000000 0.021342465520
23.760000000000 0.021401709182
23.780000000000 0.021325591285
23.800000000000 0.021192065274
23.820000000000 0.021084565617
23.840000000000 0.021055458478
23.860000000000 0.021108947716
23.880000000000 0.021209140372
23.900000000000 0.021305696724
23.920000000000 0.021361397572
23.940000000000 0.021366866813
23.960000000000 0.021336372498
23.980000000000 0.021289794447
24.000000000000 0.021233203474
24.020000000000 0.021150246470
24.040000000000 0.021009313249
24.060000000000 0.020781778166
24.080000000000 0.020460133410
24.100000000000 0.020065159361
24.120000000000 0.019637969274
24.140000000000 0.019221719079
24.160000000000 0.018843677545
24.180000000000 0.018507782093
24.200000000000 0.018201186271
24.220000000000 0.017909637092
24.240000000000 0.017631033236
24.260000000000 0.017377598634
24.280000000000 0.017164282764
24.300000000000 0.016990118685
24.320000000000 0.016824844542
24.340000000000 0.016611477484
24.360000000000 0.016287128883
24.380000000000 0.015813586736
24.400000000000 0.015202151869
24.420000000000 0.014518261003
24.440000000000 0.013860639054
24.460000000000 0.013322624032
24.480000000000 0.012953136804
24.500000000000 0.012736078045
24.520000000000 0.012598612938
24.540000000000 0.012444827764
24.560000000000 0.012198703900
24.580000000000 0.011835762175
24.600000000000 0.011388546157
24.620000000000 0.010924393173
24.640000000000 0.010507837680
24.660000000000 0.010167335358
24.680000000000 0.009883074756
24.700000000000 0.009601143686
24.720000000000 0.009265404670
24.740000000000 0.008849453164
24.760000000000 0.008371603516
24.780000000000 0.007885443012
24.800000000000 0.007451788622
24.820000000000 0.007107670160
24.840000000000 0.006849062306
24.860000000000 0.006636099512
24.880000000000 0.006416974831
24.900000000000 0.006156596618
24.920000000000 0.005853891176
24.940000000000 0.005538489603
24.960000000000 0.005249500480
24.980000000000 0.005009389426
25.000000000000 0.004808818564
25.020000000000 0.004611971009
25.040000000000 0.004379867569
25.060000000000 0.004098220148
25.080000000000 0.003792773025
25.100000000000 0.003521211757
25.120000000000 0.003343549635
25.140000000000 0.003285556029
25.160000000000 0.003315203049
25.180000000000 0.003346883119
25.200000000000 0.003274534487
25.220000000000 0.003019657643
25.240000000000 0.002571450263
25.260000000000 0.001998774154
25.280000000000 0.001426523474
25.300000000000 0.000985948819
25.320000000000 0.000761151538
25.340000000000 0.000755955111
25.360000000000 0.000895701263
25.380000000000 0.001062057680
25.400000000000 0.001143824705
25.420000000000 0.001080285574
25.440000000000 0.000878629709
25.460000000000 0.000600384851
25.480000000000 0.000326576420
25.500000000000 0.000120154502
25.520000000000 0.000003209278
25.540000000000 -0.000042994634
25.560000000000 -0.000059492291
25.580000000000 -0.000085505353
25.600000000000 -0.000142324397
25.620000000000 -0.000232001850
25.640000000000 -0.000347950282
25.660000000000 -0.000487685272
25.680000000000 -0.000657773960
25.700000000000 -0.000867271241
25.720000000000 -0.001114465984
25.740000000000 -0.001377197009
25.760000000000 -0.001615773618
25.780000000000 -0.001790083059
25.800000000000 -0.001883051383
25.820000000000 -0.001916947679
25.840000000000 -0.001950934086
25.860000000000 -0.002057416772
25.880000000000 -0.002286556370
25.900000000000 -0.002636276720
25.920000000000 -0.003044434686
25.940000000000 -0.003410068414
25.960000000000 -0.003636316274
25.980000000000 -0.003675925109
26.000000000000 -0.003557492877
26.020000000000 -0.003378641591
26.040000000000 -0.003267619949
26.060000000000 -0.003329993175
26.080000000000 -0.003604560419
26.100000000000 -0.004048616150
26.120000000000 -0.004558993204
26.140000000000 -0.005018632584
26.160000000000 -0.005346825254
26.180000000000 -0.005530285451
26.200000000000 -0.005622067927
26.220000000000 -0.005710948086
26.240000000000 -0.005877499577
26.260000000000 -0.006158241824
26.280000000000 -0.006533833361
26.300000000000 -0.006944573955
26.320000000000 -0.007323108021
26.340000000000 -0.007626804197
26.360000000000 -0.007854076155
26.380000000000 -0.008038353904
26.400000000000 -0.008225211615
26.420000000000 -0.008446169794
26.440000000000 -0.008703124919
26.460000000000 -0.008970569701
26.480000000000 -0.009212805081
26.500000000000 -0.009405630865
26.520000000000 -0.009550413484
26.540000000000 -0.009673369210
26.560000000000 -0.009811302850
26.580000000000 -0.009992205897
26.600000000000 -0.010221307128
26.620000000000 -0.010479543039
26.640000000000 -0.010734309437
26.660000000000 -0.010955833614
26.680000000000 -0.011130065140
26.700000000000 -0.011261681638
26.720000000000 -0.011366819803
26.740000000000 -0.011460918848
26.760000000000 -0.011549373543
26.780000000000 -0.011626414235
26.800000000000 -0.011682288123
26.820000000000 -0.011713629849
26.840000000000 -0.011729920477
26.860000000000 -0.011751278364
26.880000000000 -0.011798120251
26.900000000000 -0.011878387107
26.920000000000 -0.011980015086
26.940000000000 -0.012073891718
26.960000000000 -0.012126908603
26.980000000000 -0.012118964581
27.000000000000 -0.012055089647
27.020000000000 -0.011965835106
27.040000000000 -0.011894800358
27.060000000000 -0.011878711511
27.080000000000 -0.011929437593
27.100000000000 -0.012026659317
27.120000000000 -0.012124920798
27.140000000000 -0.012172012750
27.160000000000 -0.012130421800
27.180000000000 -0.011992411668
27.200000000000 -0.011782553682
27.220000000000 -0.011547390404
27.240000000000 -0.011337446885
27.260000000000 -0.011189458759
27.280000000000 -0.011115562783
27.300000000000 -0.011102317444
27.320000000000 -0.011118007991
27.340000000000 -0.011123881270
27.360000000000 -0.011084721825
27.380000000000 -0.010975992571
27.400000000000 -0.010787123657
27.420000000000 -0.010521987669
27.440000000000 -0.010197593869
27.460000000000 -0.009841126207
27.480000000000 -0.009484791914
27.500000000000 -0.009158410942
27.520000000000 -0.008881190932
27.540000000000 -0.008655671915
27.560000000000 -0.008467066301
27.580000000000 -0.008289467531
27.600000000000 -0.008097190757
27.620000000000 -0.007876470587
27.640000000000 -0.007631735877
27.660000000000 -0.007382683238
27.680000000000 -0.007152745288
27.700000000000 -0.006954208419
27.720000000000 -0.006777655331
27.740000000000 -0.006592007939
27.760000000000 -0.006356561521
27.780000000000 -0.006040279031
27.800000000000 -0.005639361346
27.820000000000 -0.005184091641
27.840000000000 -0.004730492516
27.860000000000 -0.004339418581
27.880000000000 -0.004051908635
27.900000000000 -0.003871808727
27.920000000000 -0.003763629743
27.940000000000 -0.003666689544
27.960000000000 -0.003519130572
27.980000000000 -0.003281021832
28.000000000000 -0.002946551792
28.020000000000 -0.002540820671
28.040000000000 -0.002104148246
28.060000000000 -0.001672440532
28.080000000000 -0.001263305162
28.100000000000 -0.000873901541
28.120000000000 -0.000490049629
28.140000000000 -0.000100320767
28.160000000000 0.000293348017
28.180000000000 0.000674556102
28.200000000000 0.001021324907
28.220000000000 0.001319765657
28.240000000000 0.001574595727
28.260000000000 0.001810192923
28.280000000000 0.002060946904
28.300000000000 0.002355465980
28.320000000000 0.002702648248
28.340000000000 0.003086904445
28.360000000000 0.003475286985
28.380000000000 0.003833267177
28.400000000000 0.004141485846
28.420000000000 0.004405217219
28.440000000000 0.004651808012
28.460000000000 0.004917200544
28.480000000000 0.005227920047
28.500000000000 0.005587054216
28.520000000000 0.005970822400
28.540000000000 0.006337362914
28.560000000000 0.006643799915
28.580000000000 0.006864082423
28.600000000000 0.007000027609
28.620000000000 0.007081240268
28.640000000000 0.007154431082
28.660000000000 0.007266866180
28.680000000000 0.007450526806
28.700000000000 0.007712566039
28.720000000000 0.008034638000
28.740000000000 0.008380189535
28.760000000000 0.008706301661
28.780000000000 0.008975884427
28.800000000000 0.009166812595
28.820000000000 0.009276194651
28.840000000000 0.009319567617
28.860000000000 0.009325914579
28.880000000000 0.009329970470
28.900000000000 0.009363539967
28.920000000000 0.009447689461
28.940000000000 0.009587656103
28.960000000000 0.009771920107
28.980000000000 0.009975936705
29.000000000000 0.010169631668
29.020000000000 0.010326389116
29.040000000000 0.010430529886
29.060000000000 0.010480650729
29.080000000000 0.010487664013
29.100000000000 0.010468410548
29.120000000000 0.010437471440
29.140000000000 0.010400520450
29.160000000000 0.010351926452
29.180000000000 0.010277612251
29.200000000000 0.010162115183
29.220000000000 0.009997185064
29.240000000000 0.009788652750
29.260000000000 0.009558830365
29.280000000000 0.009343093950
29.300000000000 0.009181081983
29.320000000000 0.009104647666
29.340000000000 0.009125949236
29.360000000000 0.009229549780
29.380000000000 0.009371875002
29.400000000000 0.009489704798
29.420000000000 0.009516697600
29.440000000000 0.009403872862
29.460000000000 0.009137575662
29.480000000000 0.008747940341
29.500000000000 0.008303061148
29.520000000000 0.007888769409
29.540000000000 0.007579668547
29.560000000000 0.007411565477
29.580000000000 0.007366381104
29.600000000000 0.007376933998
29.620000000000 0.007351552540
29.640000000000 0.007210075722
29.660000000000 0.006917120702
29.680000000000 0.006498432511
29.700000000000 0.006032331192
29.720000000000 0.005618531761
29.740000000000 0.005336623477
29.760000000000 0.005211684914
29.780000000000 0.005202190581
29.800000000000 0.005216146187
29.820000000000 0.005149124593
29.840000000000 0.004928029839
29.860000000000 0.004541579191
29.880000000000 0.004044167297
29.900000000000 0.003531556374
29.920000000000 0.003099415395
29.940000000000 0.002803330392
29.960000000000 0.002637993822
29.980000000000 0.002544269582
30.000000000000 0.002439932451
30.020000000000 0.002259130330
30.040000000000 0.001982014211
30.060000000000 0.001641115483
30.080000000000 0.001302365806
30.100000000000 0.001030696353
30.120000000000 0.000857201747
30.140000000000 0.000763662321
30.160000000000 0.000691526664
30.180000000000 0.000570569643
30.200000000000 0.000353099936
30.220000000000 0.000037193755
30.240000000000 -0.000332039699
30.260000000000 -0.000683518885
30.280000000000 -0.000953362672
30.300000000000 -0.001114449615
30.320000000000 -0.001188638344
30.340000000000 -0.001236269780
30.360000000000 -0.001328165631
30.380000000000 -0.001513193258
30.400000000000 -0.001796082706
30.420000000000 -0.002135096900
30.440000000000 -0.002460002102
30.460000000000 -0.002701892575
30.480000000000 -0.002821728988
30.500000000000 -0.002825737274
30.520000000000 -0.002762073386
30.540000000000 -0.002701278295
30.560000000000 -0.002709396250
30.580000000000 -0.002824717219
30.600000000000 -0.003046545614
30.620000000000 -0.003338819387
30.640000000000 -0.003645473435
30.660000000000 -0.003910570155
30.680000000000 -0.004095582254
30.700000000000 -0.004188472909
30.720000000000 -0.004202964077
30.740000000000 -0.004169937277
30.760000000000 -0.004125067355
30.780000000000 -0.004097166335
30.800000000000 -0.004100653175
30.820000000000 -0.004133760371
30.840000000000 -0.004182208707
30.860000000000 -0.004226574537
30.880000000000 -0.004250674411
30.900000000000 -0.004248121314
30.920000000000 -0.004224822030
30.940000000000 -0.004196516836
30.960000000000 -0.004182208545
30.980000000000 -0.004195931128
31.000000000000 -0.004240112741
31.020000000000 -0.004303338694
31.040000000000 -0.004363651130
31.060000000000 -0.004396246675
31.080000000000 -0.004382528557
31.100000000000 -0.004316831195
31.120000000000 -0.004208116024
31.140000000000 -0.004076127110
31.160000000000 -0.003943884397
31.180000000000 -0.003829858371
31.200000000000 -0.003743040948
31.220000000000 -0.003682526152
31.240000000000 -0.003640989508
31.260000000000 -0.003609734267
31.280000000000 -0.003582572620
31.300000000000 -0.003556825030
31.320000000000 -0.003531506412
31.340000000000 -0.003504320718
31.360000000000 -0.003469601032
31.380000000000 -0.003418626265
31.400000000000 -0.003342311850
31.420000000000 -0.003234959531
31.440000000000 -0.003097261961
31.460000000000 -0.002937260104
31.480000000000 -0.002769033243
31.500000000000 -0.002609868724
31.520000000000 -0.002476987292
31.540000000000 -0.002384551189
31.560000000000 -0.002341087954
31.580000000000 -0.002347193059
31.600000000000 -0.002393707356
31.620000000000 -0.002461249682
31.640000000000 -0.002522373174
31.660000000000 -0.002547103804
31.680000000000 -0.002511137596
31.700000000000 -0.002404165867
31.720000000000 -0.002234761841
31.740000000000 -0.002028911277
31.760000000000 -0.001821698692
31.780000000000 -0.001644904599
31.800000000000 -0.001515678990
31.820000000000 -0.001431553175
31.840000000000 -0.001374417831
31.860000000000 -0.001321776527
31.880000000000 -0.001259706959
31.900000000000 -0.001190678150
31.920000000000 -0.001131659083
31.940000000000 -0.001102937116
31.960000000000 -0.001113294127
31.980000000000 -0.001149826616
32.000000000000 -0.001179035968
32.020000000000 -0.001160326505
32.040000000000 -0.001066329691
32.060000000000 -0.000900033741
32.080000000000 -0.000699147275
32.100000000000 -0.000523689872
32.120000000000 -0.000431010045
32.140000000000 -0.000449218044
32.160000000000 -0.000561762896
32.180000000000 -0.000711331906
32.200000000000 -0.000822336151
32.220000000000 -0.000832250264
32.240000000000 -0.000717530914
32.260000000000 -0.000502189790
32.280000000000 -0.000245350084
32.300000000000 -0.000014232748
32.320000000000 0.000144084413
32.340000000000 0.000218636620
32.360000000000 0.000231449160
32.380000000000 0.000218548863
32.400000000000 0.000206500612
32.420000000000 0.000197820842
32.440000000000 0.000173314140
32.460000000000 0.000109624748
32.480000000000 0.000001369513
32.500000000000 -0.000125924215
32.520000000000 -0.000221272456
32.540000000000 -0.000231197027
32.560000000000 -0.000129062622
32.580000000000 0.000065100403
32.600000000000 0.000286488750
32.620000000000 0.000450690193
32.640000000000 0.000491392133
32.660000000000 0.000392467336
32.680000000000 0.000197903600
32.700000000000 -0.000006612119
32.720000000000 -0.000132562264
32.740000000000 -0.000129359365
32.760000000000 -0.000006855371
32.780000000000 0.000171876723
32.800000000000 0.000324157022
32.820000000000 0.000390854969
32.840000000000 0.000366998985
32.860000000000 0.000303739094
32.880000000000 0.000280010224
32.900000000000 0.000357955172
32.920000000000 0.000545096172
32.940000000000 0.000783610496
32.960000000000 0.000973878361
32.980000000000 0.001022151840
33.000000000000 0.000889421862
33.020000000000 0.000616917035
33.040000000000 0.000314267944
33.060000000000 0.000114213753
33.080000000000 0.000114123465
33.100000000000 0.000331468317
33.120000000000 0.000694257172
33.140000000000 0.001071226945
33.160000000000 0.001328077323
33.180000000000 0.001384126335
33.200000000000 0.001244027773
33.220000000000 0.000991264402
33.240000000000 0.000747989762
33.260000000000 0.000620825586
33.280000000000 0.000657480712
33.300000000000 0.000832548776
33.320000000000 0.001066284034
33.340000000000 0.001264902393
33.360000000000 0.001362242479
33.380000000000 0.001344057423
33.400000000000 0.001246249490
33.420000000000 0.001131423663
33.440000000000 0.001057643433
33.460000000000 0.001054980380
33.480000000000 0.001119378403
33.500000000000 0.001223413814
33.520000000000 0.001335198071
33.540000000000 0.001434028633
33.560000000000 0.001515144466
33.580000000000 0.001583325730
33.600000000000 0.001641640930
33.620000000000 0.001683793032
33.640000000000 0.001695414033
33.660000000000 0.001663503615
33.680000000000 0.001587813701
33.700000000000 0.001486527847
33.720000000000 0.001391837767
33.740000000000 0.001336978403
33.760000000000 0.001341411478
33.780000000000 0.001402142179
33.800000000000 0.001495862466
33.820000000000 0.001590639838
33.840000000000 0.001660650136
33.860000000000 0.001695976288
33.880000000000 0.001702585953
33.900000000000 0.001693448152
33.920000000000 0.001676941931
33.940000000000 0.001650199366
33.960000000000 0.001601889536
33.980000000000 0.001522964122
34.000000000000 0.001418548456
34.020000000000 0.001312715891
34.040000000000 0.001241426119
34.060000000000 0.001235675427
34.080000000000 0.001303160131
34.100000000000 0.001418819841
34.120000000000 0.001530979103
34.140000000000 0.001582032304
34.160000000000 0.001534694869
34.180000000000 0.001391069523
34.200000000000 0.001194438674
34.220000000000 0.001011753284
34.240000000000 0.000904303510
34.260000000000 0.000900175160
34.280000000000 0.000981583879
34.300000000000 0.001093147750
34.320000000000 0.001167068332
34.340000000000 0.001153096498
34.360000000000 0.001039116735
34.380000000000 0.000853153459
34.400000000000 0.000646971122
34.420000000000 0.000470390214
34.440000000000 0.000349464402
34.460000000000 0.000278880851
34.480000000000 0.000231031736
34.500000000000 0.000175445865
34.520000000000 0.000097264736
34.540000000000 0.000004689297
34.560000000000 -0.000078071983
34.580000000000 -0.000127576771
34.600000000000 -0.000137496828
34.620000000000 -0.000124779832
34.640000000000 -0.000121725187
34.660000000000 -0.000158143417
34.680000000000 -0.000243586175
34.700000000000 -0.000359960910
34.720000000000 -0.000469419842
34.740000000000 -0.000534106251
34.760000000000 -0.000537623682
34.780000000000 -0.000496647033
34.800000000000 -0.000455830327
34.820000000000 -0.000467710842
34.840000000000 -0.000567230976
34.860000000000 -0.000753627284
34.880000000000 -0.000989054595
34.900000000000 -0.001215072996
34.920000000000 -0.001379201615
34.940000000000 -0.001458679036
34.960000000000 -0.001469938605
34.980000000000 -0.001459398484
35.000000000000 -0.001480375492
35.020000000000 -0.001567622622
35.040000000000 -0.001721863060
35.060000000000 -0.001911433669
35.080000000000 -0.002089526452
35.100000000000 -0.002217911808
35.120000000000 -0.002285192351
35.140000000000 -0.002310819392
35.160000000000 -0.002333505490
35.180000000000 -0.002390445532
35.200000000000 -0.002498037165
35.220000000000 -0.002643596774
35.240000000000 -0.002791739663
35.260000000000 -0.002901737580
35.280000000000 -0.002946992405
35.300000000000 -0.002927202478
35.320000000000 -0.002867856435
35.340000000000 -0.002808089880
35.360000000000 -0.002783391406
35.380000000000 -0.002811547840
35.400000000000 -0.002887917458
35.420000000000 -0.002991088501
35.440000000000 -0.003094928383
35.460000000000 -0.003180448111
35.480000000000 -0.003241837420
35.500000000000 -0.003284655756
35.520000000000 -0.003318395692
35.540000000000 -0.003348263396
35.560000000000 -0.003370864038
35.580000000000 -0.003375891471
35.600000000000 -0.003352469702
35.620000000000 -0.003296347222
35.640000000000 -0.003213886956
35.660000000000 -0.003120677121
35.680000000000 -0.003035473252
35.700000000000 -0.002972523240
35.720000000000 -0.002935995750
35.740000000000 -0.002919039751
35.760000000000 -0.002907693880
35.780000000000 -0.002887640374
35.800000000000 -0.002850675867
35.820000000000 -0.002798122794
35.840000000000 -0.002739886162
35.860000000000 -0.002689697051
35.880000000000 -0.002658505370
35.900000000000 -0.002648551150
35.920000000000 -0.002650330970
35.940000000000 -0.002643736176
35.960000000000 -0.002603394790
35.980000000000 -0.002506969665
36.000000000000 -0.002344082555
36.020000000000 -0.002122916271
36.040000000000 -0.001871710877
36.060000000000 -0.001633543508
36.080000000000 -0.001454878091
36.100000000000 -0.001370830397
36.120000000000 -0.001391961317
36.140000000000 -0.001497706030
36.160000000000 -0.001639775873
36.180000000000 -0.001755417297
36.200000000000 -0.001786538345
36.220000000000 -0.001698081588
36.240000000000 -0.001488933146
36.260000000000 -0.001191356413
36.280000000000 -0.000859389735
36.300000000000 -0.000550933846
36.320000000000 -0.000310467883
36.340000000000 -0.000158506024
36.360000000000 -0.000090519863
36.380000000000 -0.000083809624
36.400000000000 -0.000107782685
36.420000000000 -0.000132665986
36.440000000000 -0.000133809286
36.460000000000 -0.000092029282
36.480000000000 0.000007085872
36.500000000000 0.000171802873
36.520000000000 0.000399868423
36.540000000000 0.000673373174
36.560000000000 0.000957183613
36.580000000000 0.001204690733
36.600000000000 0.001371270138
36.620000000000 0.001431303054
36.640000000000 0.001391391517
36.660000000000 0.001292618781
36.680000000000 0.001198805748
36.700000000000 0.001174056308
36.720000000000 0.001258422103
36.740000000000 0.001452301551
36.760000000000 0.001716945234
36.780000000000 0.001991378417
36.800000000000 0.002218418912
36.820000000000 0.002368012730
36.840000000000 0.002447188493
36.860000000000 0.002492235362
36.880000000000 0.002547293171
36.900000000000 0.002640209128
36.920000000000 0.002767889066
36.940000000000 0.002898639920
36.960000000000 0.002990402969
36.980000000000 0.003015562910
37.000000000000 0.002979351058
37.020000000000 0.002921717399
37.040000000000 0.002900659683
37.060000000000 0.002964420923
37.080000000000 0.003125993897
37.100000000000 0.003352881937
37.120000000000 0.003578115703
37.140000000000 0.003728380377
37.160000000000 0.003756673834
37.180000000000 0.003664343783
37.200000000000 0.003501985843
37.220000000000 0.003348384946
37.240000000000 0.003276851330
37.260000000000 0.003324112072
37.280000000000 0.003475644451
37.300000000000 0.003673650361
37.320000000000 0.003843475840
37.340000000000 0.003926090662
37.360000000000 0.003902011956
37.380000000000 0.003796615676
37.400000000000 0.003665734841
37.420000000000 0.003569420965
37.440000000000 0.003546552255
37.460000000000 0.003601587025
37.480000000000 0.003708200302
37.500000000000 0.003826231234
37.520000000000 0.003922380597
37.540000000000 0.003984158406
37.560000000000 0.004020827721
37.580000000000 0.004052136170
37.600000000000 0.004091850536
37.620000000000 0.004135477468
37.640000000000 0.004159064568
37.660000000000 0.004130053667
37.680000000000 0.004024847272
37.700000000000 0.003844171511
37.720000000000 0.003618166130
37.740000000000 0.003397916785
37.760000000000 0.003236524486
37.780000000000 0.003167765106
37.800000000000 0.003191670304
37.820000000000 0.003273460013
37.840000000000 0.003356569144
37.860000000000 0.003384595150
37.880000000000 0.003323376165
37.900000000000 0.003174499798
37.920000000000 0.002975116661
37.940000000000 0.002784362662
37.960000000000 0.002661738445
37.980000000000 0.002645550770
38.000000000000 0.002739130271
38.020000000000 0.002909393946
38.040000000000 0.003097766790
38.060000000000 0.003239219914
38.080000000000 0.003282652694
38.100000000000 0.003205760091
38.120000000000 0.003019741745
38.140000000000 0.002762862256
38.160000000000 0.002485696143
38.180000000000 0.002233616968
38.200000000000 0.002032823956
38.220000000000 0.001884699252
38.240000000000 0.001770067514
38.260000000000 0.001661130257
38.280000000000 0.001535887808
38.300000000000 0.001388926740
38.320000000000 0.001234002018
38.340000000000 0.001097355029
38.360000000000 0.001004786786
38.380000000000 0.000968403330
38.400000000000 0.000979307587
38.420000000000 0.001010007412
38.440000000000 0.001025906022
38.460000000000 0.001000857945
38.480000000000 0.000929475671
38.500000000000 0.000829908940
38.520000000000 0.000734961134
38.540000000000 0.000674929125
38.560000000000 0.000659924178
38.580000000000 0.000670456793
38.600000000000 0.000661959715
38.620000000000 0.000582791440
38.640000000000 0.000398743799
38.660000000000 0.000113211627
38.680000000000 -0.000226983932
38.700000000000 -0.000544573498
38.720000000000 -0.000759963746
38.740000000000 -0.000823687670
38.760000000000 -0.000739463451
38.780000000000 -0.000567130391
38.800000000000 -0.000402667872
38.820000000000 -0.000342187081
38.840000000000 -0.000444049759
38.860000000000 -0.000704799657
38.880000000000 -0.001059442529
38.900000000000 -0.001406722316
38.920000000000 -0.001649511091
38.940000000000 -0.001733787932
38.960000000000 -0.001669917903
38.980000000000 -0.001527148313
39.000000000000 -0.001403481248
39.020000000000 -0.001383596850
39.040000000000 -0.001502734004
39.060000000000 -0.001732026484
39.080000000000 -0.001991663066
39.100000000000 -0.002186252554
39.120000000000 -0.002247102304
39.140000000000 -0.002163004569
39.160000000000 -0.001986006312
39.180000000000 -0.001809470934
39.200000000000 -0.001727844356
39.220000000000 -0.001795617640
39.240000000000 -0.002003448379
39.260000000000 -0.002281991451
39.280000000000 -0.002531896893
39.300000000000 -0.002666952879
39.320000000000 -0.002651547783
39.340000000000 -0.002516080946
39.360000000000 -0.002343607544
39.380000000000 -0.002233606894
39.400000000000 -0.002258751039
39.420000000000 -0.002433520369
39.440000000000 -0.002708189258
39.460000000000 -0.002990498370
39.480000000000 -0.003185245880
39.500000000000 -0.003234409223
39.520000000000 -0.003140539389
39.540000000000 -0.002963839205
39.560000000000 -0.002794987398
39.580000000000 -0.002716159448
39.600000000000 -0.002767291048
39.620000000000 -0.002931623410
39.640000000000 -0.003145606508
39.660000000000 -0.003327546547
39.680000000000 -0.003411766099
39.700000000000 -0.003373668660
39.720000000000 -0.003236149233
39.740000000000 -0.003056554775
39.760000000000 -0.002901681585
39.780000000000 -0.002822459702
39.800000000000 -0.002838570191
39.820000000000 -0.002937517983
39.840000000000 -0.003085767278
39.860000000000 -0.003244787186
39.880000000000 -0.003384187745
39.900000000000 -0.003487264978
39.920000000000 -0.003549077079
39.940000000000 -0.003570921484
39.960000000000 -0.003555945416
39.980000000000 -0.003508550954
40.000000000000 -0.003436852090
40.020000000000 -0.003354937933
40.040000000000 -0.003281640476
40.060000000000 -0.003234884659
40.080000000000 -0.003223984599
40.100000000000 -0.003244318476
40.120000000000 -0.003278213888
40.140000000000 -0.003302720415
40.160000000000 -0.003300922399
40.180000000000 -0.003270897586
40.200000000000 -0.003227027324
40.220000000000 -0.003192092044
40.240000000000 -0.003183622668
40.260000000000 -0.003201606085
40.280000000000 -0.003224701612
40.300000000000 -0.003218252173
40.320000000000 -0.003151325856
40.340000000000 -0.003014866645
40.360000000000 -0.002831579384
40.380000000000 -0.002651468245
40.400000000000 -0.002533618136
40.420000000000 -0.002521657050
40.440000000000 -0.002623913902
40.460000000000 -0.002807651822
40.480000000000 -0.003010526032
40.500000000000 -0.003164518822
40.520000000000 -0.003221858569
40.540000000000 -0.003171633206
40.560000000000 -0.003040327184
40.580000000000 -0.002877090390
40.600000000000 -0.002731451342
40.620000000000 -0.002634085701
40.640000000000 -0.002588890910
40.660000000000 -0.002578414984
40.680000000000 -0.002577947392
40.700000000000 -0.002569756454
40.720000000000 -0.002549864157
40.740000000000 -0.002524654859
40.760000000000 -0.002500690204
40.780000000000 -0.002474969954
40.800000000000 -0.002432433291
40.820000000000 -0.002353034788
40.840000000000 -0.002224783085
40.860000000000 -0.002055081917
40.880000000000 -0.001872949477
40.900000000000 -0.001719272540
40.920000000000 -0.001628819545
40.940000000000 -0.001612740532
40.960000000000 -0.001650871652
40.980000000000 -0.001698758344
41.000000000000 -0.001706996891
41.020000000000 -0.001643996656
41.040000000000 -0.001511035296
41.060000000000 -0.001341861776
41.080000000000 -0.001186565967
41.100000000000 -0.001087286635
41.120000000000 -0.001057575473
41.140000000000 -0.001075628234
41.160000000000 -0.001094830541
41.180000000000 -0.001066478817
41.200000000000 -0.000963435471
41.220000000000 -0.000792965920
41.240000000000 -0.000592391118
41.260000000000 -0.000409803807
41.280000000000 -0.000279622456
41.300000000000 -0.000205400095
41.320000000000 -0.000158709710
41.340000000000 -0.000094864060
41.360000000000 0.000022290492
41.380000000000 0.000198988933
41.400000000000 0.000404611810
41.420000000000 0.000583314174
41.440000000000 0.000679306146
41.460000000000 0.000664132924
41.480000000000 0.000553100970
41.500000000000 0.000402876032
41.520000000000 0.000290864089
41.540000000000 0.000285198810
41.560000000000 0.000418210377
41.580000000000 0.000674427935
41.600000000000 0.000997551439
41.620000000000 0.001312642121
41.640000000000 0.001553760271
41.660000000000 0.001685902299
41.680000000000 0.001713526113
41.700000000000 0.001674192649
41.720000000000 0.001621846762
41.740000000000 0.001607461551
41.760000000000 0.001664249066
41.780000000000 0.001801309712
41.800000000000 0.002005499294
41.820000000000 0.002248444001
41.840000000000 0.002495007916
41.860000000000 0.002710745769
41.880000000000 0.002867683197
41.900000000000 0.002948858043
41.920000000000 0.002951879303
41.940000000000 0.002890759948
41.960000000000 0.002794509711
41.980000000000 0.002701349272
42.000000000000 0.002649062748
42.020000000000 0.002664146681
42.040000000000 0.002753755662
42.060000000000 0.002903979778
42.080000000000 0.003085638058
42.100000000000 0.003265526504
42.120000000000 0.003418512494
42.140000000000 0.003535375161
42.160000000000 0.003623218428
42.180000000000 0.003698756939
42.200000000000 0.003778096490
42.220000000000 0.003868140770
42.240000000000 0.003963701652
42.260000000000 0.004051326945
42.280000000000 0.004117374991
42.300000000000 0.004155758475
42.320000000000 0.004171124280
42.340000000000 0.004175821500
42.360000000000 0.004182450396
42.380000000000 0.004196246082
42.400000000000 0.004211708938
42.420000000000 0.004215635785
42.440000000000 0.004195197900
42.460000000000 0.004146803196
42.480000000000 0.004080746113
42.500000000000 0.004018567426
42.520000000000 0.003983726582
42.540000000000 0.003989799369
42.560000000000 0.004032090973
42.580000000000 0.004087344731
42.600000000000 0.004122583911
42.620000000000 0.004109719940
42.640000000000 0.004039498350
42.660000000000 0.003928163162
42.680000000000 0.003813119096
42.700000000000 0.003738641155
42.720000000000 0.003737214021
42.740000000000 0.003814333689
42.760000000000 0.003943509954
42.780000000000 0.004074167507
42.800000000000 0.004149834971
42.820000000000 0.004129665051
42.840000000000 0.004004771716
42.860000000000 0.003802762896
42.880000000000 0.003578428379
42.900000000000 0.003393965887
42.920000000000 0.003296229419
42.940000000000 0.003299652143
42.960000000000 0.003381298858
42.980000000000 0.003489828759
43.000000000000 0.003564833635
43.020000000000 0.003559114589
43.040000000000 0.003455452547
43.060000000000 0.003271663637
43.080000000000 0.003052309893
43.100000000000 0.002850568702
43.120000000000 0.002707465740
43.140000000000 0.002636532578
43.160000000000 0.002619665944
43.180000000000 0.002615475583
43.200000000000 0.002576506224
43.220000000000 0.002468347321
43.240000000000 0.002283111346
43.260000000000 0.002042219660
43.280000000000 0.001787824113
43.300000000000 0.001566687864
43.320000000000 0.001413127239
43.340000000000 0.001337617418
43.360000000000 0.001325019168
43.380000000000 0.001342321983
43.400000000000 0.001352084437
43.420000000000 0.001325897908
43.440000000000 0.001252821696
43.460000000000 0.001140339620
43.480000000000 0.001008657425
43.500000000000 0.000881620756
43.520000000000 0.000778232709
43.540000000000 0.000707651588
43.560000000000 0.000668456306
43.580000000000 0.000651040273
43.600000000000 0.000641134974
43.620000000000 0.000622877072
43.640000000000 0.000580995365
43.660000000000 0.000502721233
43.680000000000 0.000380215588
43.700000000000 0.000213552594
43.720000000000 0.000013153217
43.740000000000 -0.000200117813
43.760000000000 -0.000398548640
43.780000000000 -0.000554694798
43.800000000000 -0.000649914659
43.820000000000 -0.000680987788
43.840000000000 -0.000661748804
43.860000000000 -0.000618541270
43.880000000000 -0.000580991412
43.900000000000 -0.000571821316
43.920000000000 -0.000600003676
43.940000000000 -0.000660107879
43.960000000000 -0.000737823793
43.980000000000 -0.000818747844
44.000000000000 -0.000896020054
44.020000000000 -0.000973083107
44.040000000000 -0.001060378370
44.060000000000 -0.001167928359
44.080000000000 -0.001297889468
44.100000000000 -0.001441193892
44.120000000000 -0.001580300077
44.140000000000 -0.001696895632
44.160000000000 -0.001780765120
44.180000000000 -0.001835301838
44.200000000000 -0.001876701995
44.220000000000 -0.001926962091
44.240000000000 -0.002003864255
44.260000000000 -0.002112650586
44.280000000000 -0.002243311213
44.300000000000 -0.002374745827
44.320000000000 -0.002483834925
44.340000000000 -0.002555244917
44.360000000000 -0.002587613515
44.380000000000 -0.002593607666
44.400000000000 -0.002594225396
44.420000000000 -0.002610198375
44.440000000000 -0.002654313781
44.460000000000 -0.002727617105
44.480000000000 -0.002820397933
44.500000000000 -0.002916730227
44.520000000000 -0.003000156336
44.540000000000 -0.003058263912
44.560000000000 -0.003085045594
44.580000000000 -0.003081229998
44.600000000000 -0.003053467601
44.620000000000 -0.003013086559
44.640000000000 -0.002974448248
44.660000000000 -0.002952411214
44.680000000000 -0.002958593280
44.700000000000 -0.002997019375
44.720000000000 -0.003060799624
44.740000000000 -0.003131894366
44.760000000000 -0.003185253608
44.780000000000 -0.003196795118
44.800000000000 -0.003152624629
44.820000000000 -0.003055720089
44.840000000000 -0.002926805393
44.860000000000 -0.002798327445
44.880000000000 -0.002703427501
44.900000000000 -0.002664167679
44.920000000000 -0.002683835003
44.940000000000 -0.002746526464
44.960000000000 -0.002824106888
44.980000000000 -0.002887463724
45.000000000000 -0.002917241333
45.020000000000 -0.002909710819
45.040000000000 -0.002875827959
45.060000000000 -0.002834640505
45.080000000000 -0.002804525340
45.100000000000 -0.002796232407
45.120000000000 -0.002810316707
45.140000000000 -0.002839126879
45.160000000000 -0.002871398112
45.180000000000 -0.002896702324
45.200000000000 -0.002907772136
45.220000000000 -0.002900405157
45.240000000000 -0.002872187678
45.260000000000 -0.002821759723
45.280000000000 -0.002749580001
45.300000000000 -0.002659720947
45.320000000000 -0.002561114516
45.340000000000 -0.002466654331
45.360000000000 -0.002389723998
45.380000000000 -0.002339388461
45.400000000000 -0.002316609494
45.420000000000 -0.002313644025
45.440000000000 -0.002317234784
45.460000000000 -0.002314117056
45.480000000000 -0.002295954697
45.500000000000 -0.002260996631
45.520000000000 -0.002211555439
45.540000000000 -0.002148925254
45.560000000000 -0.002069139958
45.580000000000 -0.001962874538
45.600000000000 -0.001820645824
45.620000000000 -0.001641282574
45.640000000000 -0.001439132457
45.660000000000 -0.001245189031
45.680000000000 -0.001099724065
45.700000000000 -0.001038139384
45.720000000000 -0.001075606783
45.740000000000 -0.001197580891
45.760000000000 -0.001361409239
45.780000000000 -0.001509633664
45.800000000000 -0.001590236332
45.820000000000 -0.001575586640
45.840000000000 -0.001471985421
45.860000000000 -0.001315585008
45.880000000000 -0.001156389476
45.900000000000 -0.001037286381
45.920000000000 -0.000977185203
45.940000000000 -0.000965354306
45.960000000000 -0.000968909584
45.980000000000 -0.000949534178
46.000000000000 -0.000881612592
46.020000000000 -0.000763752705
46.040000000000 -0.000619069890
46.060000000000 -0.000484864608
46.080000000000 -0.000396917911
46.100000000000 -0.000375510686
46.120000000000 -0.000418812018
46.140000000000 -0.000505466543
46.160000000000 -0.000604042807
46.180000000000 -0.000684448922
46.200000000000 -0.000726454317
46.220000000000 -0.000722687068
46.240000000000 -0.000676491399
46.260000000000 -0.000597220643
46.280000000000 -0.000495951268
46.300000000000 -0.000383351023
46.320000000000 -0.000269518880
46.340000000000 -0.000164268086
46.360000000000 -0.000076292098
46.380000000000 -0.000010812225
46.400000000000 0.000033196713
46.420000000000 0.000064296207
46.440000000000 0.000096931279
46.460000000000 0.000146866317
46.480000000000 0.000225405119
46.500000000000 0.000334937952
46.520000000000 0.000467858911
46.540000000000 0.000609295784
46.560000000000 0.000742269305
46.580000000000 0.000852849460
46.600000000000 0.000933150059
46.620000000000 0.000981384266
46.640000000000 0.000999854224
46.660000000000 0.000992703710
46.680000000000 0.000965003859
46.700000000000 0.000923494073
46.720000000000 0.000877892510
46.740000000000 0.000841050708
46.760000000000 0.000826810581
46.780000000000 0.000845916968
46.800000000000 0.000901829584
46.820000000000 0.000988785509
46.840000000000 0.001093549528
46.860000000000 0.001200366765
46.880000000000 0.001296772919
46.900000000000 0.001377255504
46.920000000000 0.001442808737
46.940000000000 0.001496720761
46.960000000000 0.001539224842
46.980000000000 0.001564572452
47.000000000000 0.001562958664
47.020000000000 0.001526998221
47.040000000000 0.001459540243
47.060000000000 0.001378191535
47.080000000000 0.001312980071
47.100000000000 0.001296819289
47.120000000000 0.001352283957
47.140000000000 0.001480652395
47.160000000000 0.001658769093
47.180000000000 0.001846004778
47.200000000000 0.001998919641
47.220000000000 0.002087465570
47.240000000000 0.002105636962
47.260000000000 0.002071955750
47.280000000000 0.002019892971
47.300000000000 0.001982963343
47.320000000000 0.001981478997
47.340000000000 0.002016727740
47.360000000000 0.002074351541
47.380000000000 0.002134064624
47.400000000000 0.002179988191
47.420000000000 0.002206221484
47.440000000000 0.002215496126
47.460000000000 0.002212983286
47.480000000000 0.002200121801
47.500000000000 0.002173103562
47.520000000000 0.002127508122
47.540000000000 0.002066334900
47.560000000000 0.002005865359
47.580000000000 0.001974223327
47.600000000000 0.002001229862
47.620000000000 0.002103297210
47.640000000000 0.002270823795
47.660000000000 0.002465545153
47.680000000000 0.002631146078
47.700000000000 0.002713974216
47.720000000000 0.002685155272
47.740000000000 0.002553802023
47.760000000000 0.002364488349
47.780000000000 0.002179303509
47.800000000000 0.002052208909
47.820000000000 0.002007371384
47.840000000000 0.002031513402
47.860000000000 0.002083718362
47.880000000000 0.002117707886
47.900000000000 0.002105526157
47.920000000000 0.002050905836
47.940000000000 0.001985765381
47.960000000000 0.001951778927
47.980000000000 0.001976535124
48.000000000000 0.002056631452
48.020000000000 0.002156653755
48.040000000000 0.002225012988
48.060000000000 0.002219029424
48.080000000000 0.002126792091
48.100000000000 0.001974668933
48.120000000000 0.001816291547
48.140000000000 0.001707964732
48.160000000000 0.001682224663
48.180000000000 0.001732315950
48.200000000000 0.001815143834
48.220000000000 0.001871350821
48.240000000000 0.001852945408
48.260000000000 0.001745381574
48.280000000000 0.001573811574
48.300000000000 0.001390938543
48.320000000000 0.001252652736
48.340000000000 0.001193192941
48.360000000000 0.001211350533
48.380000000000 0.001273534673
48.400000000000 0.001331298877
48.420000000000 0.001344255996
48.440000000000 0.001297321420
48.460000000000 0.001204640296
48.480000000000 0.001099424727
48.500000000000 0.001015721766
48.520000000000 0.000971558443
48.540000000000 0.000961516461
48.560000000000 0.000961581008
48.580000000000 0.000942899520
48.600000000000 0.000886993245
48.620000000000 0.000794838290
48.640000000000 0.000685826117
48.660000000000 0.000587855309
48.680000000000 0.000523976630
48.700000000000 0.000502158699
48.720000000000 0.000512595185
48.740000000000 0.000532941706
48.760000000000 0.000538158001
48.780000000000 0.000510035089
48.800000000000 0.000442506643
48.820000000000 0.000341558067
48.840000000000 0.000221265932
48.860000000000 0.000098775668
48.880000000000 -0.000009567454
48.900000000000 -0.000090442451
48.920000000000 -0.000135146918
48.940000000000 -0.000141790570
48.960000000000 -0.000118116904
48.980000000000 -0.000083274851
49.000000000000 -0.000066012944
49.020000000000 -0.000097713097
49.040000000000 -0.000201261217
49.060000000000 -0.000379678378
49.080000000000 -0.000609945254
49.100000000000 -0.000846311317
49.120000000000 -0.001033685109
49.140000000000 -0.001126992328
49.160000000000 -0.001108964818
49.180000000000 -0.000998585610
49.200000000000 -0.000845822298
49.220000000000 -0.000713999338
49.240000000000 -0.000656618807
49.260000000000 -0.000698053644
49.280000000000 -0.000825989065
49.300000000000 -0.000998413395
49.320000000000 -0.001161681054
49.340000000000 -0.001271585244
49.360000000000 -0.001308557208
49.380000000000 -0.001281302614
49.400000000000 -0.001218732622
49.420000000000 -0.001155226922
49.440000000000 -0.001116657323
49.460000000000 -0.001113257845
49.480000000000 -0.001141289325
49.500000000000 -0.001190787859
49.520000000000 -0.001253912497
49.540000000000 -0.001328823997
49.560000000000 -0.001417208038
49.580000000000 -0.001517630946
49.600000000000 -0.001619591118
49.620000000000 -0.001702918527
49.640000000000 -0.001744180210
49.660000000000 -0.001727598974
49.680000000000 -0.001654970297
49.700000000000 -0.001548895070
49.720000000000 -0.001446575199
49.740000000000 -0.001386047302
49.760000000000 -0.001390717535
49.780000000000 -0.001459322114
49.800000000000 -0.001566219577
49.820000000000 -0.001672209973
49.840000000000 -0.001741132262
49.860000000000 -0.001754729432
49.880000000000 -0.001719062018
49.900000000000 -0.001659736800
49.920000000000 -0.001608483682
49.940000000000 -0.001587626840
49.960000000000 -0.001599843033
49.980000000000 -0.001627912063
50.000000000000 -0.001644280904
50.020000000000 -0.001625561236
50.040000000000 -0.001564811833
