0.400000000000 -0.313512743373
0.420000000000 -0.307112039774
0.440000000000 -0.303471179581
0.460000000000 -0.302980390987
0.480000000000 -0.304171668534
0.500000000000 -0.304605774223
0.520000000000 -0.302211634163
0.540000000000 -0.296347614414
0.560000000000 -0.288029714111
0.580000000000 -0.279232921263
0.600000000000 -0.271670567349
0.620000000000 -0.265729490198
0.640000000000 -0.260145908118
0.660000000000 -0.252602367523
0.680000000000 -0.240927996858
0.700000000000 -0.224258167800
0.720000000000 -0.203528331041
0.740000000000 -0.181029587616
0.760000000000 -0.159252653878
0.780000000000 -0.139626979616
0.800000000000 -0.121820527857
0.820000000000 -0.103970923380
0.840000000000 -0.083725788315
0.860000000000 -0.059540591502
0.880000000000 -0.031545631051
0.900000000000 -0.001525092221
0.920000000000 0.027969900075
0.940000000000 0.054880010030
0.960000000000 0.078563250761
0.980000000000 0.099853113950
1.000000000000 0.120185367178
1.020000000000 0.140255036916
1.040000000000 0.158963576078
1.060000000000 0.173316508413
1.080000000000 0.179467286457
1.100000000000 0.174501037468
1.120000000000 0.158121727244
1.140000000000 0.133381777584
1.160000000000 0.106008903933
1.180000000000 0.082551293909
1.200000000000 0.068154014273
1.220000000000 0.064995774476
1.240000000000 0.072131341363
1.260000000000 0.086820696528
1.280000000000 0.106693491568
1.300000000000 0.131652740056
1.320000000000 0.164492596574
1.340000000000 0.209777149986
1.360000000000 0.271345990645
1.380000000000 0.349500500390
1.400000000000 0.439158407881
1.420000000000 0.529924381226
1.440000000000 0.608253110462
1.460000000000 0.661014899363
1.480000000000 0.679188659798
1.500000000000 0.660350101299
1.520000000000 0.609104742963
1.540000000000 0.535415161599
1.560000000000 0.451544354407
1.580000000000 0.368770020084
1.600000000000 0.294971840989
1.620000000000 0.233725649108
1.640000000000 0.184891665935
1.660000000000 0.146143710904
1.680000000000 0.114656529473
1.700000000000 0.088293442233
1.720000000000 0.066001994101
1.740000000000 0.047530756540
1.760000000000 0.032841713280
1.780000000000 0.021622857836
1.800000000000 0.013139716683
1.820000000000 0.006422984547
1.840000000000 0.000606577233
1.860000000000 -0.004813516807
1.880000000000 -0.009938789983
1.900000000000 -0.014634009056
1.920000000000 -0.018768125730
1.940000000000 -0.022373834194
1.960000000000 -0.025638531964
1.980000000000 -0.028751635526
2.000000000000 -0.031719163654
2.020000000000 -0.034269754655
2.040000000000 -0.035916346466
2.060000000000 -0.036145480168
2.080000000000 -0.034636659827
2.100000000000 -0.031404323843
2.120000000000 -0.026804420745
2.140000000000 -0.021422479990
2.160000000000 -0.015915509747
2.180000000000 -0.010886948560
2.200000000000 -0.006834527796
2.220000000000 -0.004154944737
2.240000000000 -0.003153869165
2.260000000000 -0.004016470007
2.280000000000 -0.006735560639
2.300000000000 -0.011041767583
2.320000000000 -0.016399197081
2.340000000000 -0.022104948366
2.360000000000 -0.027473796130
2.380000000000 -0.032034255851
2.400000000000 -0.035644232041
2.420000000000 -0.038468384276
2.440000000000 -0.040829535218
2.460000000000 -0.043014344688
2.480000000000 -0.045139361790
2.500000000000 -0.047149945160
2.520000000000 -0.048947635853
2.540000000000 -0.050563737307
2.560000000000 -0.052263482164
2.580000000000 -0.054498618415
2.600000000000 -0.057711702862
2.620000000000 -0.062087091482
2.640000000000 -0.067389012106
2.660000000000 -0.072996128556
2.680000000000 -0.078145383080
2.700000000000 -0.082283787900
2.720000000000 -0.085356596806
2.740000000000 -0.087875756572
2.760000000000 -0.090712157156
2.780000000000 -0.094692364055
2.800000000000 -0.100185944118
2.820000000000 -0.106886652236
2.840000000000 -0.113906029666
2.860000000000 -0.120149578410
2.880000000000 -0.124805863946
2.900000000000 -0.127718040712
2.920000000000 -0.129458002980
2.940000000000 -0.131063074428
2.960000000000 -0.133556472155
2.980000000000 -0.137476708033
3.000000000000 -0.142636417414
3.020000000000 -0.148220105503
3.040000000000 -0.153167629358
3.060000000000 -0.156655603867
3.080000000000 -0.158447408119
3.100000000000 -0.158952457704
3.120000000000 -0.158980200993
3.140000000000 -0.159321292528
3.160000000000 -0.160365796405
3.180000000000 -0.161940606497
3.200000000000 -0.163432968265
3.220000000000 -0.164124131428
3.240000000000 -0.163558243937
3.260000000000 -0.161763526610
3.280000000000 -0.159225370809
3.300000000000 -0.156638909754
3.320000000000 -0.154575807941
3.340000000000 -0.153233877584
3.360000000000 -0.152385458251
3.380000000000 -0.151532526187
3.400000000000 -0.150171168683
3.420000000000 -0.148019294888
3.440000000000 -0.145091664955
3.460000000000 -0.141596050929
3.480000000000 -0.137723860004
3.500000000000 -0.133464683188
3.520000000000 -0.128558189313
3.540000000000 -0.122618555235
3.560000000000 -0.115368886002
3.580000000000 -0.106858274520
3.600000000000 -0.097536957333
3.620000000000 -0.088134528249
3.640000000000 -0.079386716323
3.660000000000 -0.071736128898
3.680000000000 -0.065150530270
3.700000000000 -0.059149038720
3.720000000000 -0.053028411902
3.740000000000 -0.046186931391
3.760000000000 -0.038398484238
3.780000000000 -0.029915192246
3.800000000000 -0.021359284444
3.820000000000 -0.013462699196
3.840000000000 -0.006778982256
3.860000000000 -0.001496522827
3.880000000000 0.002573733032
3.900000000000 0.005848950485
3.920000000000 0.008749347384
3.940000000000 0.011509312321
3.960000000000 0.014106743401
3.980000000000 0.016326117690
4.000000000000 0.017903550612
4.020000000000 0.018667827696
4.040000000000 0.018604682332
4.060000000000 0.017821703302
4.080000000000 0.016449070214
4.100000000000 0.014545382636
4.120000000000 0.012070876573
4.140000000000 0.008947661514
4.160000000000 0.005172683366
4.180000000000 0.000914019265
4.200000000000 -0.003475408954
4.220000000000 -0.007551480108
4.240000000000 -0.010946918427
4.260000000000 -0.013536669730
4.280000000000 -0.015516854328
4.300000000000 -0.017349357925
4.320000000000 -0.019586035027
4.340000000000 -0.022644655065
4.360000000000 -0.026634553519
4.380000000000 -0.031310258175
4.400000000000 -0.036174801033
4.420000000000 -0.040687330687
4.440000000000 -0.044483324451
4.460000000000 -0.047511517544
4.480000000000 -0.050031020868
4.500000000000 -0.052476090231
4.520000000000 -0.055254690973
4.540000000000 -0.058573628781
4.560000000000 -0.062366442341
4.580000000000 -0.066349671759
4.600000000000 -0.070173154515
4.620000000000 -0.073588738908
4.640000000000 -0.076557573738
4.660000000000 -0.079249306346
4.680000000000 -0.081939987340
4.700000000000 -0.084863285413
4.720000000000 -0.088089453402
4.740000000000 -0.091490054723
4.760000000000 -0.094802887187
4.780000000000 -0.097762504196
4.800000000000 -0.100230807023
4.820000000000 -0.102263624963
4.840000000000 -0.104081466367
4.860000000000 -0.105959531114
4.880000000000 -0.108090871166
4.900000000000 -0.110488913721
4.920000000000 -0.112976069137
4.940000000000 -0.115263717266
4.960000000000 -0.117085573808
4.980000000000 -0.118321785201
5.000000000000 -0.119056291731
5.020000000000 -0.119541871663
5.040000000000 -0.120090186071
5.060000000000 -0.120937717328
5.080000000000 -0.122147438284
5.100000000000 -0.123587217289
5.120000000000 -0.124989405854
5.140000000000 -0.126059707190
5.160000000000 -0.126584204776
5.180000000000 -0.126489179948
5.200000000000 -0.125834503118
5.220000000000 -0.124753859071
5.240000000000 -0.123377690689
5.260000000000 -0.121777384028
5.280000000000 -0.119952492343
5.300000000000 -0.117857128709
5.320000000000 -0.115441330406
5.340000000000 -0.112678670158
5.360000000000 -0.109563911343
5.380000000000 -0.106085830168
5.400000000000 -0.102197553470
5.420000000000 -0.097809616608
5.440000000000 -0.092817561972
5.460000000000 -0.087153897959
5.480000000000 -0.080836531251
5.500000000000 -0.073983325130
5.520000000000 -0.066777888970
5.540000000000 -0.059397565121
5.560000000000 -0.051936919159
5.580000000000 -0.044365992258
5.600000000000 -0.036547579303
5.620000000000 -0.028308583346
5.640000000000 -0.019531998935
5.660000000000 -0.010223690580
5.680000000000 -0.000519354905
5.700000000000 0.009372977374
5.720000000000 0.019266009248
5.740000000000 0.029073590814
5.760000000000 0.038836001953
5.780000000000 0.048676283689
5.800000000000 0.058710746947
5.820000000000 0.068962340773
5.840000000000 0.079325387322
5.860000000000 0.089603315767
5.880000000000 0.099600981101
5.900000000000 0.109221314821
5.920000000000 0.118510428673
5.940000000000 0.127620552229
5.960000000000 0.136704398709
5.980000000000 0.145794700299
6.000000000000 0.154736415682
6.020000000000 0.163216949065
6.040000000000 0.170890796166
6.060000000000 0.177543505351
6.080000000000 0.183212968678
6.100000000000 0.188199977372
6.120000000000 0.192950533718
6.140000000000 0.197856092604
6.160000000000 0.203062910495
6.180000000000 0.208383864973
6.200000000000 0.213361784412
6.220000000000 0.217462167944
6.240000000000 0.220309328529
6.260000000000 0.221855463246
6.280000000000 0.222400635016
6.300000000000 0.222450996490
6.320000000000 0.222480042038
6.340000000000 0.222705554356
6.360000000000 0.222989164171
6.380000000000 0.222907833852
6.400000000000 0.221964314309
6.420000000000 0.219836361612
6.440000000000 0.216545018378
6.460000000000 0.212460348571
6.480000000000 0.208140515018
6.500000000000 0.204079694273
6.520000000000 0.200483731781
6.540000000000 0.197178989080
6.560000000000 0.193696419272
6.580000000000 0.189490374047
6.600000000000 0.184189558866
6.620000000000 0.177764943260
6.640000000000 0.170541016960
6.660000000000 0.163051288338
6.680000000000 0.155810070344
6.700000000000 0.149107046171
6.720000000000 0.142914373057
6.740000000000 0.136938745324
6.760000000000 0.130782298164
6.780000000000 0.124129594395
6.800000000000 0.116873785543
6.820000000000 0.109132168390
6.840000000000 0.101158669196
6.860000000000 0.093208881695
6.880000000000 0.085429485408
6.900000000000 0.077823002900
6.920000000000 0.070294620046
6.940000000000 0.062744579959
6.960000000000 0.055149470406
6.980000000000 0.047587129970
7.000000000000 0.040194549632
7.020000000000 0.033086174729
7.040000000000 0.026281053619
7.060000000000 0.019681107149
7.080000000000 0.013114072618
7.100000000000 0.006419687048
7.120000000000 -0.000464854557
7.140000000000 -0.007462972510
7.160000000000 -0.014380021443
7.180000000000 -0.020975638169
7.200000000000 -0.027051061268
7.220000000000 -0.032511268197
7.240000000000 -0.037377996083
7.260000000000 -0.041756157776
7.280000000000 -0.045778146935
7.300000000000 -0.049556933316
7.320000000000 -0.053167905055
7.340000000000 -0.056659018806
7.360000000000 -0.060071552790
7.380000000000 -0.063449541984
7.400000000000 -0.066826541103
7.420000000000 -0.070196563058
7.440000000000 -0.073490241118
7.460000000000 -0.076578214012
7.480000000000 -0.079310021674
7.500000000000 -0.081575794475
7.520000000000 -0.083361799671
7.540000000000 -0.084769453468
7.560000000000 -0.085982839756
7.580000000000 -0.087194883064
7.600000000000 -0.088524199627
7.620000000000 -0.089961539021
7.640000000000 -0.091372358034
7.660000000000 -0.092556077471
7.680000000000 -0.093335710315
7.700000000000 -0.093637132957
7.720000000000 -0.093522363983
7.740000000000 -0.093163097969
7.760000000000 -0.092768456864
7.780000000000 -0.092500984822
7.800000000000 -0.092418131191
7.820000000000 -0.092462318825
7.840000000000 -0.092499118288
7.860000000000 -0.092381961399
7.880000000000 -0.092012915460
7.900000000000 -0.091375112837
7.920000000000 -0.090528657232
7.940000000000 -0.089578964998
7.960000000000 -0.088636121906
7.980000000000 -0.087782620574
8.000000000000 -0.087057686373
8.020000000000 -0.086456007815
8.040000000000 -0.085933287318
8.060000000000 -0.085412762658
8.080000000000 -0.084792908581
8.100000000000 -0.083961365430
8.120000000000 -0.082819301398
8.140000000000 -0.081313582565
8.160000000000 -0.079465517022
8.180000000000 -0.077380763094
8.200000000000 -0.075229476309
8.220000000000 -0.073198172045
8.240000000000 -0.071429254105
8.260000000000 -0.069972734943
8.280000000000 -0.068771764383
8.300000000000 -0.067689454906
8.320000000000 -0.066565609258
8.340000000000 -0.065277840413
8.360000000000 -0.063779747676
8.380000000000 -0.062100594760
8.400000000000 -0.060310462349
8.420000000000 -0.058471993999
8.440000000000 -0.056605584340
8.460000000000 -0.054686139273
8.480000000000 -0.052671107760
8.500000000000 -0.050541423333
8.520000000000 -0.048329315636
8.540000000000 -0.046114115958
8.560000000000 -0.043985510692
8.580000000000 -0.041993204742
8.600000000000 -0.040111669537
8.620000000000 -0.038242619618
8.640000000000 -0.036258601727
8.660000000000 -0.034068491403
8.680000000000 -0.031671943554
8.700000000000 -0.029172875010
8.720000000000 -0.026741163837
8.740000000000 -0.024537665592
8.760000000000 -0.022637176694
8.780000000000 -0.020986815690
8.800000000000 -0.019421465867
8.820000000000 -0.017730953641
8.840000000000 -0.015748816652
8.860000000000 -0.013422153195
8.880000000000 -0.010831213969
8.900000000000 -0.008151402195
8.920000000000 -0.005577200314
8.940000000000 -0.003244115879
8.960000000000 -0.001183393204
8.980000000000 0.000673520030
9.000000000000 0.002448362488
9.020000000000 0.004253892901
9.040000000000 0.006147178056
9.060000000000 0.008118166020
9.080000000000 0.010113509610
9.100000000000 0.012077889655
9.120000000000 0.013988416437
9.140000000000 0.015864493358
9.160000000000 0.017750937887
9.180000000000 0.019687095730
9.200000000000 0.021681059258
9.220000000000 0.023703149336
9.240000000000 0.025700299851
9.260000000000 0.027620677511
9.280000000000 0.029432941057
9.300000000000 0.031129449687
9.320000000000 0.032713972213
9.340000000000 0.034184817170
9.360000000000 0.035527252689
9.380000000000 0.036722671176
9.400000000000 0.037770053830
9.420000000000 0.038705356582
9.440000000000 0.039603074270
9.460000000000 0.040553134919
9.480000000000 0.041620913210
9.500000000000 0.042810126351
9.520000000000 0.044050130933
9.540000000000 0.045218484525
9.560000000000 0.046191422798
9.580000000000 0.046898764106
9.600000000000 0.047354971380
9.620000000000 0.047648354440
9.640000000000 0.047891312771
9.660000000000 0.048155547974
9.680000000000 0.048425963497
9.700000000000 0.048599477966
9.720000000000 0.048533046946
9.740000000000 0.048119504226
9.760000000000 0.047353664339
9.780000000000 0.046353445765
9.800000000000 0.045321364811
9.820000000000 0.044460945562
9.840000000000 0.043885915592
9.860000000000 0.043565503636
9.880000000000 0.043333387456
9.900000000000 0.042958096048
9.920000000000 0.042243319062
9.940000000000 0.041112011809
9.960000000000 0.039635638389
9.980000000000 0.037995810564
10.000000000000 0.036397375305
10.020000000000 0.034974330672
10.040000000000 0.033732262095
10.060000000000 0.032552632369
10.080000000000 0.031254564647
10.100000000000 0.029683234036
10.120000000000 0.027783080608
10.140000000000 0.025623203840
10.160000000000 0.023366111100
10.180000000000 0.021197373648
10.200000000000 0.019250120443
10.220000000000 0.017557745668
10.240000000000 0.016052407007
10.260000000000 0.014604677114
10.280000000000 0.013082159887
10.300000000000 0.011399706386
10.320000000000 0.009541938431
10.340000000000 0.007554430011
10.360000000000 0.005514439227
10.380000000000 0.003498612501
10.400000000000 0.001561780729
10.420000000000 -0.000268578550
10.440000000000 -0.001987053553
10.460000000000 -0.003603014951
10.480000000000 -0.005137394723
10.500000000000 -0.006623032097
10.520000000000 -0.008102860087
10.540000000000 -0.009620200057
10.560000000000 -0.011200908455
10.580000000000 -0.012834538082
10.600000000000 -0.014465890586
10.620000000000 -0.016005816101
10.640000000000 -0.017361274359
10.660000000000 -0.018473910992
10.680000000000 -0.019349781608
10.700000000000 -0.020064667533
10.720000000000 -0.020739615894
10.740000000000 -0.021495250005
10.760000000000 -0.022404077882
10.780000000000 -0.023461859136
10.800000000000 -0.024590819621
10.820000000000 -0.025673002674
10.840000000000 -0.026598381837
10.860000000000 -0.027306175586
10.880000000000 -0.027801934767
10.900000000000 -0.028145071409
10.920000000000 -0.028415356945
10.940000000000 -0.028675742945
10.960000000000 -0.028948719065
10.980000000000 -0.029215092844
11.000000000000 -0.029432350327
11.020000000000 -0.029560741039
11.040000000000 -0.029583119464
11.060000000000 -0.029509650081
11.080000000000 -0.029367317912
11.100000000000 -0.029181796418
11.120000000000 -0.028961864101
11.140000000000 -0.028693598171
11.160000000000 -0.028345477251
11.180000000000 -0.027880120168
11.200000000000 -0.027266505736
11.220000000000 -0.026488452127
11.240000000000 -0.025548761916
11.260000000000 -0.024470841743
11.280000000000 -0.023299108959
11.300000000000 -0.022096819060
11.320000000000 -0.020937707892
11.340000000000 -0.019888720256
11.360000000000 -0.018985788244
11.380000000000 -0.018210951427
11.400000000000 -0.017482988499
11.420000000000 -0.016671555337
11.440000000000 -0.015635964526
11.460000000000 -0.014277548281
11.480000000000 -0.012585098205
11.500000000000 -0.010651902050
11.520000000000 -0.008652473451
11.540000000000 -0.006783939042
11.560000000000 -0.005193701320
11.580000000000 -0.003923181533
11.600000000000 -0.002892397800
11.620000000000 -0.001933308212
11.640000000000 -0.000858614556
11.660000000000 0.000463031998
11.680000000000 0.002057190885
11.700000000000 0.003839187247
11.720000000000 0.005654484911
11.740000000000 0.007343677789
11.760000000000 0.008802492681
11.780000000000 0.010012022434
11.800000000000 0.011030363924
11.820000000000 0.011955445174
11.840000000000 0.012880727515
11.860000000000 0.013865256978
11.880000000000 0.014928421273
11.900000000000 0.016064648969
11.920000000000 0.017262822314
11.940000000000 0.018514966622
11.960000000000 0.019808335325
11.980000000000 0.021108134950
12.000000000000 0.022346533070
12.020000000000 0.023431692764
12.040000000000 0.024278877595
12.060000000000 0.024850688932
12.080000000000 0.025184249976
12.100000000000 0.025386035292
12.120000000000 0.025589934680
12.140000000000 0.025893950573
12.160000000000 0.026305063277
12.180000000000 0.026721779754
12.200000000000 0.026968178626
12.220000000000 0.026868650484
12.240000000000 0.026331055799
12.260000000000 0.025398984733
12.280000000000 0.024245808970
12.300000000000 0.023109425083
12.320000000000 0.022194740263
12.340000000000 0.021587277354
12.360000000000 0.021217391073
12.380000000000 0.020891838866
12.400000000000 0.020378465639
12.420000000000 0.019505333921
12.440000000000 0.018229462484
12.460000000000 0.016645280041
12.480000000000 0.014931582583
12.500000000000 0.013264292010
12.520000000000 0.011737079623
12.540000000000 0.010326320568
12.560000000000 0.008914269338
12.580000000000 0.007356239724
12.600000000000 0.005557594376
12.620000000000 0.003523630631
12.640000000000 0.001360346066
12.660000000000 -0.000771581686
12.680000000000 -0.002725690296
12.700000000000 -0.004428868768
12.720000000000 -0.005905357373
12.740000000000 -0.007258614927
12.760000000000 -0.008623722118
12.780000000000 -0.010114411052
12.800000000000 -0.011787488152
12.820000000000 -0.013635657026
12.840000000000 -0.015604802588
12.860000000000 -0.017621609948
12.880000000000 -0.019616369545
12.900000000000 -0.021532891209
12.920000000000 -0.023327264809
12.940000000000 -0.024963592766
12.960000000000 -0.026414410791
12.980000000000 -0.027667474456
13.000000000000 -0.028733581456
13.020000000000 -0.029647197913
13.040000000000 -0.030455125526
13.060000000000 -0.031196292006
13.080000000000 -0.031882910811
13.100000000000 -0.032494729564
13.120000000000 -0.032992104993
13.140000000000 -0.033343025072
13.160000000000 -0.033549963004
13.180000000000 -0.033660400001
13.200000000000 -0.033752084262
13.220000000000 -0.033897423207
13.240000000000 -0.034123807834
13.260000000000 -0.034391008084
13.280000000000 -0.034599868899
13.300000000000 -0.034631219526
13.320000000000 -0.034397883064
13.340000000000 -0.033884555202
13.360000000000 -0.033154976560
13.380000000000 -0.032321513501
13.400000000000 -0.031491250853
13.420000000000 -0.030715134854
13.440000000000 -0.029965805076
13.460000000000 -0.029155543983
13.480000000000 -0.028185301558
13.500000000000 -0.026999572047
13.520000000000 -0.025618572982
13.540000000000 -0.024130697468
13.560000000000 -0.022648801983
13.580000000000 -0.021252896705
13.600000000000 -0.019949223524
13.620000000000 -0.018667484459
13.640000000000 -0.017298244672
13.660000000000 -0.015751521149
13.680000000000 -0.014006311843
13.700000000000 -0.012125327524
13.720000000000 -0.010227214718
13.740000000000 -0.008430708822
13.760000000000 -0.006799787097
13.780000000000 -0.005318245203
13.800000000000 -0.003906468725
13.820000000000 -0.002470733709
13.840000000000 -0.000958028104
13.860000000000 0.000613591914
13.880000000000 0.002165997321
13.900000000000 0.003607868645
13.920000000000 0.004892226906
13.940000000000 0.006052787966
13.960000000000 0.007197666773
13.980000000000 0.008461073324
14.000000000000 0.009936050194
14.020000000000 0.011622210079
14.040000000000 0.013415924208
14.060000000000 0.015149602326
14.080000000000 0.016662174769
14.100000000000 0.017867208503
14.120000000000 0.018786289070
14.140000000000 0.019532697215
14.160000000000 0.020254998152
14.180000000000 0.021069340404
14.200000000000 0.022013402683
14.220000000000 0.023042340556
14.240000000000 0.024064773575
14.260000000000 0.024996700823
14.280000000000 0.025803665609
14.300000000000 0.026509999161
14.320000000000 0.027173390207
14.340000000000 0.027842448276
14.360000000000 0.028523687204
14.380000000000 0.029177820865
14.400000000000 0.029747332801
14.420000000000 0.030198216115
14.440000000000 0.030549541050
14.460000000000 0.030870658374
14.480000000000 0.031244344707
14.500000000000 0.031714879334
14.520000000000 0.032251086941
14.540000000000 0.032748837328
14.560000000000 0.033077357181
14.580000000000 0.033149233920
14.600000000000 0.032978458334
14.620000000000 0.032693471381
14.640000000000 0.032492883255
14.660000000000 0.032560524375
14.680000000000 0.032978972457
14.700000000000 0.033684470750
14.720000000000 0.034488137997
14.740000000000 0.035156659146
14.760000000000 0.035515770105
14.780000000000 0.035527074776
14.800000000000 0.035300210197
14.820000000000 0.035033210201
14.840000000000 0.034909270380
14.860000000000 0.035000427103
14.880000000000 0.035226436072
14.900000000000 0.035390866303
14.920000000000 0.035278610669
14.940000000000 0.034768145580
14.960000000000 0.033903333656
14.980000000000 0.032887952417
15.000000000000 0.032002854228
15.020000000000 0.031483035663
15.040000000000 0.031411767068
15.060000000000 0.031681569994
15.080000000000 0.032040676705
15.100000000000 0.032203597473
15.120000000000 0.031974691416
15.140000000000 0.031328234832
15.160000000000 0.030409652938
15.180000000000 0.029459855776
15.200000000000 0.028700059618
15.220000000000 0.028231429996
15.240000000000 0.027994921353
15.260000000000 0.027806897674
15.280000000000 0.027450284549
15.300000000000 0.026776224991
15.320000000000 0.025768658269
15.340000000000 0.024544065501
15.360000000000 0.023290368703
15.380000000000 0.022177041877
15.400000000000 0.021279867752
15.420000000000 0.020554078072
15.440000000000 0.019864745157
15.460000000000 0.019056001000
15.480000000000 0.018024031957
15.500000000000 0.016759943008
15.520000000000 0.015345610835
15.540000000000 0.013909172469
15.560000000000 0.012565028497
15.580000000000 0.011367864656
15.600000000000 0.010300185274
15.620000000000 0.009294424165
15.640000000000 0.008273705290
15.660000000000 0.007188094212
15.680000000000 0.006028471379
15.700000000000 0.004814178042
15.720000000000 0.003565367836
15.740000000000 0.002278728251
15.760000000000 0.000922242862
15.780000000000 -0.000546934438
15.800000000000 -0.002151102359
15.820000000000 -0.003865126094
15.840000000000 -0.005610716120
15.860000000000 -0.007278226903
15.880000000000 -0.008768309064
15.900000000000 -0.010035114058
15.920000000000 -0.011110809019
15.940000000000 -0.012098883925
15.960000000000 -0.013137435287
15.980000000000 -0.014346871160
16.000000000000 -0.015783285969
16.020000000000 -0.017416254514
16.040000000000 -0.019139438329
16.060000000000 -0.020808995918
16.080000000000 -0.022294142391
16.100000000000 -0.023520492693
16.120000000000 -0.024490961619
16.140000000000 -0.025278591606
16.160000000000 -0.025996418494
16.180000000000 -0.026757135808
16.200000000000 -0.027637420663
16.220000000000 -0.028658341266
16.240000000000 -0.029786323297
16.260000000000 -0.030951663866
16.280000000000 -0.032076166434
16.300000000000 -0.033099579092
16.320000000000 -0.033996213652
16.340000000000 -0.034777365407
16.360000000000 -0.035480331616
16.380000000000 -0.036149280548
16.400000000000 -0.036815644562
16.420000000000 -0.037485422607
16.440000000000 -0.038137904062
16.460000000000 -0.038735823827
16.480000000000 -0.039242419146
16.500000000000 -0.039638031598
16.520000000000 -0.039929025315
16.540000000000 -0.040145006656
16.560000000000 -0.040325431541
16.580000000000 -0.040501512770
16.600000000000 -0.040681663817
16.620000000000 -0.040847303410
16.640000000000 -0.040961154680
16.660000000000 -0.040984283817
16.680000000000 -0.040893841287
16.700000000000 -0.040692975190
16.720000000000 -0.040408096192
16.740000000000 -0.040074908057
16.760000000000 -0.039720332811
16.780000000000 -0.039349722954
16.800000000000 -0.038946257662
16.820000000000 -0.038483241738
16.840000000000 -0.037943191895
16.860000000000 -0.037333615421
16.880000000000 -0.036690466198
16.900000000000 -0.036066102654
16.920000000000 -0.035506408633
16.940000000000 -0.035027659337
16.960000000000 -0.034604617021
16.980000000000 -0.034176545278
17.000000000000 -0.033669509971
17.020000000000 -0.033025501720
17.040000000000 -0.032225444315
17.060000000000 -0.031295829446
17.080000000000 -0.030296302881
17.100000000000 -0.029294343315
17.120000000000 -0.028338927289
17.140000000000 -0.027444995127
17.160000000000 -0.026594770054
17.180000000000 -0.025753507588
17.200000000000 -0.024890348113
17.220000000000 -0.023993032658
17.240000000000 -0.023069156280
17.260000000000 -0.022134231387
17.280000000000 -0.021194117498
17.300000000000 -0.020232555537
17.320000000000 -0.019211980521
17.340000000000 -0.018088800461
17.360000000000 -0.016836512899
17.380000000000 -0.015465392898
17.400000000000 -0.014028416512
17.420000000000 -0.012609162866
17.440000000000 -0.011295692221
17.460000000000 -0.010150831029
17.480000000000 -0.009190895684
17.500000000000 -0.008381072934
17.520000000000 -0.007648473167
17.540000000000 -0.006906784987
17.560000000000 -0.006082656419
17.580000000000 -0.005134723652
17.600000000000 -0.004060583047
17.620000000000 -0.002892357267
17.640000000000 -0.001685172110
17.660000000000 -0.000503505285
17.680000000000 0.000591452786
17.700000000000 0.001552691990
17.720000000000 0.002356873076
17.740000000000 0.003011805852
17.760000000000 0.003559274735
17.780000000000 0.004069458780
17.800000000000 0.004624700584
17.820000000000 0.005294658301
17.840000000000 0.006110130815
17.860000000000 0.007046110824
17.880000000000 0.008023367840
17.900000000000 0.008931592585
17.920000000000 0.009668015299
17.940000000000 0.010177518185
17.960000000000 0.010477677287
17.980000000000 0.010656856595
18.000000000000 0.010844047071
18.020000000000 0.011161216107
18.040000000000 0.011677043492
18.060000000000 0.012381097206
18.080000000000 0.013189272836
18.100000000000 0.013978107222
18.120000000000 0.014633230940
18.140000000000 0.015091335968
18.160000000000 0.015358301160
18.180000000000 0.015497037456
18.200000000000 0.015592161794
18.220000000000 0.015708582850
18.240000000000 0.015863011061
18.260000000000 0.016020617200
18.280000000000 0.016116938691
18.300000000000 0.016093440148
18.320000000000 0.015929272904
18.340000000000 0.015654255075
18.360000000000 0.015337439361
18.380000000000 0.015057230123
18.400000000000 0.014867369762
18.420000000000 0.014774497526
18.440000000000 0.014737074729
18.460000000000 0.014685360593
18.480000000000 0.014552690195
18.500000000000 0.014303831955
18.520000000000 0.013948406586
18.540000000000 0.013534752979
18.560000000000 0.013128466517
18.580000000000 0.012785996998
18.600000000000 0.012534662489
18.620000000000 0.012366333503
18.640000000000 0.012245315939
18.660000000000 0.012124988792
18.680000000000 0.011965133873
18.700000000000 0.011743296128
18.720000000000 0.011457584646
18.740000000000 0.011122627357
18.760000000000 0.010762772071
18.780000000000 0.010406281585
18.800000000000 0.010081993244
18.820000000000 0.009817448415
18.840000000000 0.009636444448
18.860000000000 0.009554856392
18.880000000000 0.009575651320
18.900000000000 0.009685743209
18.920000000000 0.009857389011
18.940000000000 0.010054928746
18.960000000000 0.010244800894
18.980000000000 0.010404612341
19.000000000000 0.010527032903
19.020000000000 0.010616694374
19.040000000000 0.010681975154
19.060000000000 0.010726548470
19.080000000000 0.010746071151
19.100000000000 0.010732832110
19.120000000000 0.010686665721
19.140000000000 0.010626269094
19.160000000000 0.010593606103
19.180000000000 0.010646488695
19.200000000000 0.010839915759
19.220000000000 0.011202834260
19.240000000000 0.011720601597
19.260000000000 0.012332438508
19.280000000000 0.012947516565
19.300000000000 0.013475250081
19.320000000000 0.013858456244
19.340000000000 0.014095646413
19.360000000000 0.014242290403
19.380000000000 0.014389259002
19.400000000000 0.014626337424
19.420000000000 0.015005464335
19.440000000000 0.015519050059
19.460000000000 0.016102802840
19.480000000000 0.016662304108
19.500000000000 0.017112441771
19.520000000000 0.017413146928
19.540000000000 0.017586239351
19.560000000000 0.017706104077
19.580000000000 0.017868059505
19.600000000000 0.018147850744
19.620000000000 0.018569551338
19.640000000000 0.019095573831
19.660000000000 0.019642986239
19.680000000000 0.020119002862
19.700000000000 0.020460273788
19.720000000000 0.020659022603
19.740000000000 0.020764863887
19.760000000000 0.020861748517
19.780000000000 0.021030295736
19.800000000000 0.021312046771
19.820000000000 0.021691175188
19.840000000000 0.022101376439
19.860000000000 0.022454504058
19.880000000000 0.022677974231
19.900000000000 0.022744260482
19.920000000000 0.022679575373
19.940000000000 0.022548368180
19.960000000000 0.022421246452
19.980000000000 0.022341382785
20.000000000000 0.022305007433
20.020000000000 0.022264958733
20.040000000000 0.022155487885
20.060000000000 0.021926535896
20.080000000000 0.021571135177
20.100000000000 0.021132599457
20.120000000000 0.020687438780
20.140000000000 0.020311245970
20.160000000000 0.020042930536
20.180000000000 0.019863821150
20.200000000000 0.019701703457
20.220000000000 0.019458698513
20.240000000000 0.019051108927
20.260000000000 0.018443910723
20.280000000000 0.017664955198
20.300000000000 0.016793062635
20.320000000000 0.015925831762
20.340000000000 0.015141804751
20.360000000000 0.014473617631
20.380000000000 0.013903138967
20.400000000000 0.013379116874
20.420000000000 0.012847499246
20.440000000000 0.012279200046
20.460000000000 0.011682062571
20.480000000000 0.011091991627
20.500000000000 0.010548616299
20.520000000000 0.010068370489
20.540000000000 0.009628969871
20.560000000000 0.009173505901
20.580000000000 0.008632661714
20.600000000000 0.007954639281
20.620000000000 0.007128575603
20.640000000000 0.006190298949
20.660000000000 0.005207672091
20.680000000000 0.004252389691
20.700000000000 0.003371323079
20.720000000000 0.002570430451
20.740000000000 0.001818039565
20.760000000000 0.001065054834
20.780000000000 0.000271806867
20.800000000000 -0.000571481918
20.820000000000 -0.001440154884
20.840000000000 -0.002288170873
20.860000000000 -0.003072017973
20.880000000000 -0.003773800078
20.900000000000 -0.004412462241
20.920000000000 -0.005037861435
20.940000000000 -0.005710340593
20.960000000000 -0.006474889452
20.980000000000 -0.007341066773
21.000000000000 -0.008276968428
21.020000000000 -0.009219298979
21.040000000000 -0.010095021506
21.060000000000 -0.010845947632
21.080000000000 -0.011447395151
21.100000000000 -0.011915221461
21.120000000000 -0.012300289005
21.140000000000 -0.012673571629
21.160000000000 -0.013107238865
21.180000000000 -0.013656962967
21.200000000000 -0.014349196804
21.220000000000 -0.015175390688
21.240000000000 -0.016093762568
21.260000000000 -0.017038306314
21.280000000000 -0.017933749153
21.300000000000 -0.018713792473
21.320000000000 -0.019338419926
21.340000000000 -0.019805180960
21.360000000000 -0.020150137943
21.380000000000 -0.020436994100
21.400000000000 -0.020737107022
21.420000000000 -0.021106964361
21.440000000000 -0.021571331366
21.460000000000 -0.022118527455
21.480000000000 -0.022709535248
21.500000000000 -0.023296823204
21.520000000000 -0.023844535471
21.540000000000 -0.024341170280
21.560000000000 -0.024799453328
21.580000000000 -0.025244229330
21.600000000000 -0.025694937042
21.620000000000 -0.026151778861
21.640000000000 -0.026592739035
21.660000000000 -0.026983064497
21.680000000000 -0.027292441611
21.700000000000 -0.027511094403
21.720000000000 -0.027656451843
21.740000000000 -0.027766713609
21.760000000000 -0.027884241484
21.780000000000 -0.028036871965
21.800000000000 -0.028226341712
21.820000000000 -0.028429463029
21.840000000000 -0.028611278653
21.860000000000 -0.028743424469
21.880000000000 -0.028818387477
21.900000000000 -0.028852538928
21.920000000000 -0.028876594166
21.940000000000 -0.028918523591
21.960000000000 -0.028987660644
21.980000000000 -0.029067977264
22.000000000000 -0.029123722042
22.020000000000 -0.029114386437
22.040000000000 -0.029011510174
22.060000000000 -0.028809371270
22.080000000000 -0.028525186033
22.100000000000 -0.028189996471
22.120000000000 -0.027835907216
22.140000000000 -0.027486411658
22.160000000000 -0.027153837900
22.180000000000 -0.026843198851
22.200000000000 -0.026557810858
22.220000000000 -0.026301290408
22.240000000000 -0.026073408720
22.260000000000 -0.025862058769
22.280000000000 -0.025637311366
22.300000000000 -0.025353705675
22.320000000000 -0.024962999774
22.340000000000 -0.024433485243
22.360000000000 -0.023767047394
22.380000000000 -0.023004506154
22.400000000000 -0.022214361645
22.420000000000 -0.021467997956
22.440000000000 -0.020811713848
22.460000000000 -0.020248634947
22.480000000000 -0.019739728935
22.500000000000 -0.019224229391
22.520000000000 -0.018650030413
22.540000000000 -0.017999066231
22.560000000000 -0.017294524904
22.580000000000 -0.016585508677
22.600000000000 -0.015916343011
22.620000000000 -0.015296307762
22.640000000000 -0.014686463154
22.660000000000 -0.014012493153
22.680000000000 -0.013199516133
22.700000000000 -0.012212944822
22.720000000000 -0.011084868070
22.740000000000 -0.009910908086
22.760000000000 -0.008815971864
22.780000000000 -0.007902524738
22.800000000000 -0.007204521195
22.820000000000 -0.006668941679
22.840000000000 -0.006175051269
22.860000000000 -0.005584281156
22.880000000000 -0.004799118681
22.900000000000 -0.003804613451
22.920000000000 -0.002673600371
22.940000000000 -0.001533200814
22.960000000000 -0.000507932322
22.980000000000 0.000334547238
23.000000000000 0.001010489496
23.020000000000 0.001608236730
23.040000000000 0.002244081186
23.060000000000 0.003007204642
23.080000000000 0.003919611942
23.100000000000 0.004929166818
23.120000000000 0.005937662284
23.140000000000 0.006849206432
23.160000000000 0.007615057226
23.180000000000 0.008253600784
23.200000000000 0.008836895290
23.220000000000 0.009451667784
23.240000000000 0.010154764469
23.260000000000 0.010945048628
23.280000000000 0.011764935365
23.300000000000 0.012529777219
23.320000000000 0.013169705608
23.340000000000 0.013662952492
23.360000000000 0.014044641642
23.380000000000 0.014387770994
23.400000000000 0.014767036430
23.420000000000 0.015224272087
23.440000000000 0.015752682825
23.460000000000 0.016306786395
23.480000000000 0.016831488769
23.500000000000 0.017293954630
23.520000000000 0.017700868909
23.540000000000 0.018091772463
23.560000000000 0.018512150217
23.580000000000 0.018981088942
23.600000000000 0.019471771972
23.620000000000 0.019916914874
23.640000000000 0.020238456872
23.660000000000 0.020387836596
23.680000000000 0.020376657588
23.700000000000 0.020281030413
23.720000000000 0.020214966775
23.740000000000 0.020283177596
23.760000000000 0.020534210431
23.780000000000 0.020935759775
23.800000000000 0.021384500054
23.820000000000 0.021747214215
23.840000000000 0.021915577949
23.860000000000 0.021850489017
23.880000000000 0.021596382645
23.900000000000 0.021259475203
23.920000000000 0.020960094547
23.940000000000 0.020780729231
23.960000000000 0.020732961724
23.980000000000 0.020757481050
24.000000000000 0.020756158163
24.020000000000 0.020640743166
24.040000000000 0.020375624821
24.060000000000 0.019995320260
24.080000000000 0.019589210186
24.100000000000 0.019260935701
24.120000000000 0.019081061568
24.140000000000 0.019054212103
24.160000000000 0.019115030666
24.180000000000 0.019154364414
24.200000000000 0.019063946688
24.220000000000 0.018780270013
24.240000000000 0.018309344630
24.260000000000 0.017722771489
24.280000000000 0.017127888732
24.300000000000 0.016625250473
24.320000000000 0.016271072551
24.340000000000 0.016059130736
24.360000000000 0.015927789271
24.380000000000 0.015787448194
24.400000000000 0.015556101555
24.420000000000 0.015188707156
24.440000000000 0.014689913335
24.460000000000 0.014107199354
24.480000000000 0.013509258230
24.500000000000 0.012959393111
24.520000000000 0.012494256390
24.540000000000 0.012114841616
24.560000000000 0.011791160183
24.580000000000 0.011476918941
24.600000000000 0.011127627329
24.620000000000 0.010715562102
24.640000000000 0.010237318647
24.660000000000 0.009712936853
24.680000000000 0.009178410200
24.700000000000 0.008674896881
24.720000000000 0.008238024447
24.740000000000 0.007889776515
24.760000000000 0.007634241909
24.780000000000 0.007457498662
24.800000000000 0.007331253888
24.820000000000 0.007219430231
24.840000000000 0.007086471774
24.860000000000 0.006905677871
24.880000000000 0.006665540978
24.900000000000 0.006372183847
24.920000000000 0.006046801343
24.940000000000 0.005718456431
24.960000000000 0.005414233780
24.980000000000 0.005149954142
25.000000000000 0.004924785239
25.020000000000 0.004721905896
25.040000000000 0.004515199214
25.060000000000 0.004279573273
25.080000000000 0.004000932351
25.100000000000 0.003681803111
25.120000000000 0.003340297277
25.140000000000 0.003002856425
25.160000000000 0.002693922728
25.180000000000 0.002427091839
25.200000000000 0.002201702194
25.220000000000 0.002006347115
25.240000000000 0.001827498986
25.260000000000 0.001658825947
25.280000000000 0.001506180185
25.300000000000 0.001385110186
25.320000000000 0.001311400678
25.340000000000 0.001288931697
25.360000000000 0.001301187698
25.380000000000 0.001311809520
25.400000000000 0.001275769177
25.420000000000 0.001157596052
25.440000000000 0.000948973365
25.460000000000 0.000677111057
25.480000000000 0.000398438011
25.500000000000 0.000178330252
25.520000000000 0.000064208298
25.540000000000 0.000063300948
25.560000000000 0.000135522002
25.580000000000 0.000206139770
25.600000000000 0.000194444935
25.620000000000 0.000047123396
25.640000000000 -0.000237936864
25.660000000000 -0.000608406453
25.680000000000 -0.000977376225
25.700000000000 -0.001258721014
25.720000000000 -0.001403106266
25.740000000000 -0.001418871034
25.760000000000 -0.001368201599
25.780000000000 -0.001339772936
25.800000000000 -0.001409636312
25.820000000000 -0.001607698030
25.840000000000 -0.001904937646
25.860000000000 -0.002227331522
25.880000000000 -0.002490331319
25.900000000000 -0.002638236622
25.920000000000 -0.002670370633
25.940000000000 -0.002641892385
25.960000000000 -0.002638746031
25.980000000000 -0.002738293385
26.000000000000 -0.002973953777
26.020000000000 -0.003320421708
26.040000000000 -0.003706460171
26.060000000000 -0.004049299277
26.080000000000 -0.004294402816
26.100000000000 -0.004441697034
26.120000000000 -0.004545634878
26.140000000000 -0.004688805471
26.160000000000 -0.004941388936
26.180000000000 -0.005325619300
26.200000000000 -0.005802245207
26.220000000000 -0.006285736842
26.240000000000 -0.006681489606
26.260000000000 -0.006927903228
26.280000000000 -0.007023884344
26.300000000000 -0.007029130906
26.320000000000 -0.007037266419
26.340000000000 -0.007134469635
26.360000000000 -0.007362757222
26.380000000000 -0.007704517889
26.400000000000 -0.008094604331
26.420000000000 -0.008453265259
26.440000000000 -0.008723674497
26.460000000000 -0.008896245485
26.480000000000 -0.009008875995
26.500000000000 -0.009124213104
26.520000000000 -0.009296091999
26.540000000000 -0.009542155137
26.560000000000 -0.009836086089
26.580000000000 -0.010122817210
26.600000000000 -0.010348547543
26.620000000000 -0.010490112019
26.640000000000 -0.010568692525
26.660000000000 -0.010640733447
26.680000000000 -0.010770272276
26.700000000000 -0.010996128931
26.720000000000 -0.011310028567
26.740000000000 -0.011656543874
26.760000000000 -0.011955322340
26.780000000000 -0.012135484557
26.800000000000 -0.012166401325
26.820000000000 -0.012070889768
26.840000000000 -0.011915178569
26.860000000000 -0.011780697148
26.880000000000 -0.011730756478
26.900000000000 -0.011786879488
26.920000000000 -0.011924405130
26.940000000000 -0.012087765569
26.960000000000 -0.012217037427
26.980000000000 -0.012273055181
27.000000000000 -0.012250240191
27.020000000000 -0.012172998484
27.040000000000 -0.012079528844
27.060000000000 -0.012002264435
27.080000000000 -0.011954608164
27.100000000000 -0.011929360624
27.120000000000 -0.011907800456
27.140000000000 -0.011873145129
27.160000000000 -0.011820600505
27.180000000000 -0.011758838292
27.200000000000 -0.011702824079
27.220000000000 -0.011662635265
27.240000000000 -0.011634831702
27.260000000000 -0.011601257112
27.280000000000 -0.011535966188
27.300000000000 -0.011416630216
27.320000000000 -0.011234553689
27.340000000000 -0.010998375362
27.360000000000 -0.010729960429
27.380000000000 -0.010454985608
27.400000000000 -0.010193166684
27.420000000000 -0.009952805435
27.440000000000 -0.009731665542
27.460000000000 -0.009522692951
27.480000000000 -0.009320685764
27.500000000000 -0.009125911264
27.520000000000 -0.008942776950
27.540000000000 -0.008774708908
27.560000000000 -0.008618646739
27.580000000000 -0.008462806387
27.600000000000 -0.008289512556
27.620000000000 -0.008082028157
27.640000000000 -0.007832005358
27.660000000000 -0.007543698672
27.680000000000 -0.007232655024
27.700000000000 -0.006919365212
27.720000000000 -0.006620854704
27.740000000000 -0.006344130834
27.760000000000 -0.006084366923
27.780000000000 -0.005828308693
27.800000000000 -0.005560914844
27.820000000000 -0.005271929990
27.840000000000 -0.004959489922
27.860000000000 -0.004629610157
27.880000000000 -0.004292487029
27.900000000000 -0.003957863660
27.920000000000 -0.003631716453
27.940000000000 -0.003315402907
27.960000000000 -0.003006950962
27.980000000000 -0.002703212097
28.000000000000 -0.002401577708
28.020000000000 -0.002100684296
28.040000000000 -0.001800386216
28.060000000000 -0.001501637859
28.080000000000 -0.001206596440
28.100000000000 -0.000918566750
28.120000000000 -0.000640993249
28.140000000000 -0.000375042449
28.160000000000 -0.000116362189
28.180000000000 0.000147264948
28.200000000000 0.000435286755
28.220000000000 0.000769599244
28.240000000000 0.001166460418
28.260000000000 0.001628087515
28.280000000000 0.002137957817
28.300000000000 0.002662912626
28.320000000000 0.003162415222
28.340000000000 0.003601903415
28.360000000000 0.003964804684
28.380000000000 0.004257811864
28.400000000000 0.004506703977
28.420000000000 0.004744236233
28.440000000000 0.004995413880
28.460000000000 0.005266884576
28.480000000000 0.005545394587
28.500000000000 0.005805999607
28.520000000000 0.006026026731
28.540000000000 0.006197973527
28.560000000000 0.006335042994
28.580000000000 0.006466639564
28.600000000000 0.006626096085
28.620000000000 0.006836675628
28.640000000000 0.007102583871
28.660000000000 0.007409004163
28.680000000000 0.007730463687
28.700000000000 0.008042627820
28.720000000000 0.008331117892
28.740000000000 0.008592938454
28.760000000000 0.008830495403
28.780000000000 0.009042577771
28.800000000000 0.009218607291
28.820000000000 0.009340757571
28.840000000000 0.009393998601
28.860000000000 0.009379133001
28.880000000000 0.009321238639
28.900000000000 0.009267294555
28.920000000000 0.009271758013
28.940000000000 0.009375124484
28.960000000000 0.009584847352
28.980000000000 0.009868010851
29.000000000000 0.010160493833
29.020000000000 0.010390027331
29.040000000000 0.010503962780
29.060000000000 0.010489936170
29.080000000000 0.010380334878
29.100000000000 0.010238416624
29.120000000000 0.010131941353
29.140000000000 0.010105581402
29.160000000000 0.010163724935
29.180000000000 0.010270506714
29.200000000000 0.010366277403
29.220000000000 0.010392774869
29.240000000000 0.010316050793
29.260000000000 0.010137938811
29.280000000000 0.009892417907
29.300000000000 0.009629864435
29.320000000000 0.009396880447
29.340000000000 0.009220277146
29.360000000000 0.009100933279
29.380000000000 0.009018376650
29.400000000000 0.008942471538
29.420000000000 0.008846417145
29.440000000000 0.008715908881
29.460000000000 0.008551932859
29.480000000000 0.008367663224
29.500000000000 0.008181902300
29.520000000000 0.008011888884
29.540000000000 0.007867494628
29.560000000000 0.007747727584
29.580000000000 0.007639800607
29.600000000000 0.007520928441
29.620000000000 0.007363037751
29.640000000000 0.007140119875
29.660000000000 0.006836844939
29.680000000000 0.006455772957
29.700000000000 0.006019967481
29.720000000000 0.005568804405
29.740000000000 0.005147270373
29.760000000000 0.004792089564
29.780000000000 0.004520052244
29.800000000000 0.004323636475
29.820000000000 0.004176167008
29.840000000000 0.004044463639
29.860000000000 0.003903250483
29.880000000000 0.003744498648
29.900000000000 0.003577158326
29.920000000000 0.003417482514
29.940000000000 0.003275052673
29.960000000000 0.003142124677
29.980000000000 0.002992547824
30.000000000000 0.002791747896
30.020000000000 0.002513412671
30.040000000000 0.002154598392
30.060000000000 0.001741171105
30.080000000000 0.001319944803
30.100000000000 0.000940486724
30.120000000000 0.000634991954
30.140000000000 0.000405996356
30.160000000000 0.000228097335
30.180000000000 0.000062935764
30.200000000000 -0.000120089373
30.220000000000 -0.000328024515
30.240000000000 -0.000541834306
30.260000000000 -0.000728761997
30.280000000000 -0.000863363360
30.300000000000 -0.000946102127
30.320000000000 -0.001009100309
30.340000000000 -0.001104816834
30.360000000000 -0.001282123116
30.380000000000 -0.001561088279
30.400000000000 -0.001919198237
30.420000000000 -0.002296769242
30.440000000000 -0.002620232853
30.460000000000 -0.002833164720
30.480000000000 -0.002920785226
30.500000000000 -0.002916341318
30.520000000000 -0.002886115504
30.540000000000 -0.002899827548
30.560000000000 -0.003000059908
30.580000000000 -0.003184727670
30.600000000000 -0.003410355576
30.620000000000 -0.003614072047
30.640000000000 -0.003743544863
30.660000000000 -0.003780692925
30.680000000000 -0.003748406264
30.700000000000 -0.003697878462
30.720000000000 -0.003683345821
30.740000000000 -0.003736625339
30.760000000000 -0.003853333600
30.780000000000 -0.003996580627
30.800000000000 -0.004115453224
30.820000000000 -0.004168901079
30.840000000000 -0.004143789053
30.860000000000 -0.004059423401
30.880000000000 -0.003957702203
30.900000000000 -0.003884650668
30.920000000000 -0.003872352748
30.940000000000 -0.003928969279
30.960000000000 -0.004039783132
30.980000000000 -0.004176751321
31.000000000000 -0.004310643497
31.020000000000 -0.004419908061
31.040000000000 -0.004493377113
31.060000000000 -0.004527783785
31.080000000000 -0.004523578523
31.100000000000 -0.004482483538
31.120000000000 -0.004408022584
31.140000000000 -0.004307559124
31.160000000000 -0.004193003171
31.180000000000 -0.004078198298
31.200000000000 -0.003973502030
31.220000000000 -0.003880552799
31.240000000000 -0.003790937617
31.260000000000 -0.003690727322
31.280000000000 -0.003569450160
31.300000000000 -0.003428975909
31.320000000000 -0.003286952755
31.340000000000 -0.003171688761
31.360000000000 -0.003109769372
31.380000000000 -0.003111973614
31.400000000000 -0.003164761411
31.420000000000 -0.003232531117
31.440000000000 -0.003270757836
31.460000000000 -0.003244501148
31.480000000000 -0.003143574649
31.500000000000 -0.002986764826
31.520000000000 -0.002812576903
31.540000000000 -0.002660647970
31.560000000000 -0.002552826711
31.580000000000 -0.002483376420
31.600000000000 -0.002423391254
31.620000000000 -0.002337387668
31.640000000000 -0.002203713798
31.660000000000 -0.002028189071
31.680000000000 -0.001843528366
31.700000000000 -0.001694183987
31.720000000000 -0.001613756603
31.740000000000 -0.001606258921
31.760000000000 -0.001641055611
31.780000000000 -0.001664821525
31.800000000000 -0.001625478924
31.820000000000 -0.001496940536
31.840000000000 -0.001292705416
31.860000000000 -0.001061425462
31.880000000000 -0.000866088981
31.900000000000 -0.000756330901
31.920000000000 -0.000746748167
31.940000000000 -0.000811320958
31.960000000000 -0.000896446488
31.980000000000 -0.000946335696
32.000000000000 -0.000928789553
32.020000000000 -0.000849350181
32.040000000000 -0.000747435246
32.060000000000 -0.000676559606
32.080000000000 -0.000678075619
32.100000000000 -0.000760635891
32.120000000000 -0.000894657468
32.140000000000 -0.001024001553
32.160000000000 -0.001089289223
32.180000000000 -0.001052335753
32.200000000000 -0.000911185327
32.220000000000 -0.000699868413
32.240000000000 -0.000473904557
32.260000000000 -0.000288510278
32.280000000000 -0.000178917727
32.300000000000 -0.000150421728
32.320000000000 -0.000180958474
32.340000000000 -0.000233589700
32.360000000000 -0.000272618061
32.380000000000 -0.000276504841
32.400000000000 -0.000243087970
32.420000000000 -0.000186385263
32.440000000000 -0.000127700318
32.460000000000 -0.000085482778
32.480000000000 -0.000068055896
32.500000000000 -0.000071472716
32.520000000000 -0.000082445330
32.540000000000 -0.000084482601
32.560000000000 -0.000064587162
32.580000000000 -0.000018097550
32.600000000000 0.000049820739
32.620000000000 0.000126338530
32.640000000000 0.000195932975
32.660000000000 0.000246426258
32.680000000000 0.000273916322
32.700000000000 0.000284625883
32.720000000000 0.000292638654
32.740000000000 0.000314021358
32.760000000000 0.000359454650
32.780000000000 0.000428493696
32.800000000000 0.000508319254
32.820000000000 0.000578170985
32.840000000000 0.000618124080
32.860000000000 0.000618593924
32.880000000000 0.000586125832
32.900000000000 0.000542287769
32.920000000000 0.000515480453
32.940000000000 0.000528904227
32.960000000000 0.000590080860
32.980000000000 0.000686990992
33.000000000000 0.000792993361
33.020000000000 0.000878502401
33.040000000000 0.000923962576
33.060000000000 0.000927792198
33.080000000000 0.000905293630
33.100000000000 0.000879034283
33.120000000000 0.000865674035
33.140000000000 0.000866301363
33.160000000000 0.000865797605
33.180000000000 0.000842164766
33.200000000000 0.000781359843
33.220000000000 0.000689782040
33.240000000000 0.000597094926
33.260000000000 0.000546530345
33.280000000000 0.000576155273
33.300000000000 0.000699623978
33.320000000000 0.000895999028
33.340000000000 0.001114510232
33.360000000000 0.001293231342
33.380000000000 0.001383880595
33.400000000000 0.001371668434
33.420000000000 0.001281075206
33.440000000000 0.001164831752
33.460000000000 0.001081160558
33.480000000000 0.001069731698
33.500000000000 0.001137155401
33.520000000000 0.001258013825
33.540000000000 0.001389852032
33.560000000000 0.001493991930
33.580000000000 0.001551739017
33.600000000000 0.001568557073
33.620000000000 0.001565408792
33.640000000000 0.001563184111
33.660000000000 0.001569448309
33.680000000000 0.001574965757
33.700000000000 0.001561637901
33.720000000000 0.001516845787
33.740000000000 0.001445374406
33.760000000000 0.001371269992
33.780000000000 0.001327590523
33.800000000000 0.001339041629
33.820000000000 0.001407047468
33.840000000000 0.001506205091
33.860000000000 0.001595352107
33.880000000000 0.001638501968
33.900000000000 0.001624928445
33.920000000000 0.001577134234
33.940000000000 0.001541015625
33.960000000000 0.001561682073
33.980000000000 0.001656476523
34.000000000000 0.001799395147
34.020000000000 0.001926519293
34.040000000000 0.001962101715
34.060000000000 0.001854348381
34.080000000000 0.001604071831
34.100000000000 0.001271529264
34.120000000000 0.000956307932
34.140000000000 0.000757756746
34.160000000000 0.000733133763
34.180000000000 0.000872508991
34.200000000000 0.001102343290
34.220000000000 0.001316708261
34.240000000000 0.001422373657
34.260000000000 0.001377532906
34.280000000000 0.001206892001
34.300000000000 0.000986854225
34.320000000000 0.000808375112
34.340000000000 0.000735170275
34.360000000000 0.000776588770
34.380000000000 0.000886977792
34.400000000000 0.000990505113
34.420000000000 0.001018441488
34.440000000000 0.000940555216
34.460000000000 0.000775935097
34.480000000000 0.000579202922
34.500000000000 0.000410309548
34.520000000000 0.000303881378
34.540000000000 0.000253678958
34.560000000000 0.000219548857
34.580000000000 0.000152545058
34.600000000000 0.000024596720
34.620000000000 -0.000153154675
34.640000000000 -0.000333370629
34.660000000000 -0.000455938369
34.680000000000 -0.000480300749
34.700000000000 -0.000410334184
34.720000000000 -0.000298686208
34.740000000000 -0.000227292495
34.760000000000 -0.000272342985
34.780000000000 -0.000469640194
34.800000000000 -0.000796396686
34.820000000000 -0.001178047552
34.840000000000 -0.001517227467
34.860000000000 -0.001732111480
34.880000000000 -0.001787444574
34.900000000000 -0.001705390222
34.920000000000 -0.001552760863
34.940000000000 -0.001411661713
34.960000000000 -0.001347237006
34.980000000000 -0.001386255421
35.000000000000 -0.001514167741
35.020000000000 -0.001689316459
35.040000000000 -0.001865563497
35.060000000000 -0.002012034714
35.080000000000 -0.002121673599
35.100000000000 -0.002206830412
35.120000000000 -0.002286633053
35.140000000000 -0.002374180254
35.160000000000 -0.002470368458
35.180000000000 -0.002566528687
35.200000000000 -0.002652786415
35.220000000000 -0.002726049996
35.240000000000 -0.002792258446
35.260000000000 -0.002861351288
35.280000000000 -0.002938071132
35.300000000000 -0.003014514139
35.320000000000 -0.003069715788
35.340000000000 -0.003077811193
35.360000000000 -0.003021455687
35.380000000000 -0.002903861309
35.400000000000 -0.002752845941
35.420000000000 -0.002613803859
35.440000000000 -0.002533790153
35.460000000000 -0.002543343716
35.480000000000 -0.002644040407
35.500000000000 -0.002807371463
35.520000000000 -0.002985526259
35.540000000000 -0.003129414459
35.560000000000 -0.003206236626
35.580000000000 -0.003209426795
35.600000000000 -0.003157457467
35.620000000000 -0.003082985104
35.640000000000 -0.003017791393
35.660000000000 -0.002980237421
35.680000000000 -0.002970165392
35.700000000000 -0.002972441114
35.720000000000 -0.002966495689
35.740000000000 -0.002936998740
35.760000000000 -0.002880949633
35.780000000000 -0.002808609364
35.800000000000 -0.002738591871
35.820000000000 -0.002689731840
35.840000000000 -0.002673200958
35.860000000000 -0.002687713206
35.880000000000 -0.002719147057
35.900000000000 -0.002744326479
35.920000000000 -0.002737610651
35.940000000000 -0.002678472222
35.960000000000 -0.002558196590
35.980000000000 -0.002383976976
36.000000000000 -0.002178984290
36.020000000000 -0.001977646905
36.040000000000 -0.001816565242
36.060000000000 -0.001723088255
36.080000000000 -0.001705036986
36.100000000000 -0.001745561083
36.120000000000 -0.001806027740
36.140000000000 -0.001837187555
36.160000000000 -0.001795499495
36.180000000000 -0.001658871449
36.200000000000 -0.001435563274
36.220000000000 -0.001162182889
36.240000000000 -0.000890930691
36.260000000000 -0.000670787188
36.280000000000 -0.000530127277
36.300000000000 -0.000467863218
36.320000000000 -0.000456651755
36.340000000000 -0.000456450195
36.360000000000 -0.000432153546
36.380000000000 -0.000367338025
36.400000000000 -0.000268130777
36.420000000000 -0.000156017859
36.440000000000 -0.000053716053
36.460000000000 0.000028498888
36.480000000000 0.000098996338
36.500000000000 0.000180371748
36.520000000000 0.000296685169
36.540000000000 0.000458956035
36.560000000000 0.000656541658
36.580000000000 0.000859213944
36.600000000000 0.001029455986
36.620000000000 0.001139344595
36.640000000000 0.001183943537
36.660000000000 0.001184653023
36.680000000000 0.001180727297
36.700000000000 0.001212847762
36.720000000000 0.001306425530
36.740000000000 0.001462339115
36.760000000000 0.001659090418
36.780000000000 0.001864751492
36.800000000000 0.002052373825
36.820000000000 0.002211069462
36.840000000000 0.002347443487
36.860000000000 0.002477176975
36.880000000000 0.002611718003
36.900000000000 0.002747612903
36.920000000000 0.002864684682
36.940000000000 0.002934692546
36.960000000000 0.002936579777
36.980000000000 0.002870725576
37.000000000000 0.002764651618
37.020000000000 0.002666448104
37.040000000000 0.002627962725
37.060000000000 0.002684752837
37.080000000000 0.002841543712
37.100000000000 0.003069624604
37.120000000000 0.003317351712
37.140000000000 0.003529196855
37.160000000000 0.003665234344
37.180000000000 0.003713151045
37.200000000000 0.003688553616
37.220000000000 0.003624676117
37.240000000000 0.003557036092
37.260000000000 0.003510177877
37.280000000000 0.003491861442
37.300000000000 0.003495998526
37.320000000000 0.003511392111
37.340000000000 0.003530922705
37.360000000000 0.003556243191
37.380000000000 0.003595860101
37.400000000000 0.003658136503
37.420000000000 0.003743396573
37.440000000000 0.003839705409
37.460000000000 0.003924968172
37.480000000000 0.003974790784
37.500000000000 0.003972666902
37.520000000000 0.003917853957
37.540000000000 0.003827267947
37.560000000000 0.003730333065
37.580000000000 0.003658737436
37.600000000000 0.003635144897
37.620000000000 0.003665262153
37.640000000000 0.003736227025
37.660000000000 0.003821759413
37.680000000000 0.003891957391
37.700000000000 0.003923988584
37.720000000000 0.003909745122
37.740000000000 0.003857760111
37.760000000000 0.003788816265
37.780000000000 0.003726956840
37.800000000000 0.003689279418
37.820000000000 0.003678404465
37.840000000000 0.003680658938
37.860000000000 0.003671011622
37.880000000000 0.003623251166
37.900000000000 0.003521687909
37.920000000000 0.003369674547
37.940000000000 0.003191037223
37.960000000000 0.003023015947
37.980000000000 0.002902725174
38.000000000000 0.002852128015
38.020000000000 0.002867711933
38.040000000000 0.002919696297
38.060000000000 0.002961977944
38.080000000000 0.002949489973
38.100000000000 0.002856156470
38.120000000000 0.002685857152
38.140000000000 0.002471368086
38.160000000000 0.002261226284
38.180000000000 0.002099777203
38.200000000000 0.002008890062
38.220000000000 0.001979361692
38.240000000000 0.001975903738
38.260000000000 0.001953570935
38.280000000000 0.001878272320
38.300000000000 0.001742068024
38.320000000000 0.001566282193
38.340000000000 0.001391054191
38.360000000000 0.001256228429
38.380000000000 0.001182496694
38.400000000000 0.001161544859
38.420000000000 0.001159686778
38.440000000000 0.001133128061
38.460000000000 0.001047620367
38.480000000000 0.000893394715
38.500000000000 0.000688733044
38.520000000000 0.000471069377
38.540000000000 0.000280360932
38.560000000000 0.000142800952
38.580000000000 0.000062238474
38.600000000000 0.000022448036
38.620000000000 -0.000002091147
38.640000000000 -0.000033186650
38.660000000000 -0.000080457018
38.680000000000 -0.000141108851
38.700000000000 -0.000206889632
38.720000000000 -0.000273219352
38.740000000000 -0.000344553272
38.760000000000 -0.000432491357
38.780000000000 -0.000547606120
38.800000000000 -0.000689900402
38.820000000000 -0.000843993503
38.840000000000 -0.000982823635
38.860000000000 -0.001079019638
38.880000000000 -0.001118621318
38.900000000000 -0.001109994410
38.920000000000 -0.001082725002
38.940000000000 -0.001076129685
38.960000000000 -0.001122337105
38.980000000000 -0.001231910847
39.000000000000 -0.001389045887
39.020000000000 -0.001558849201
39.040000000000 -0.001703336953
39.060000000000 -0.001798505110
39.080000000000 -0.001844327665
39.100000000000 -0.001863066178
39.120000000000 -0.001887048028
39.140000000000 -0.001942174038
39.160000000000 -0.002035307258
39.180000000000 -0.002151500315
39.200000000000 -0.002261954546
39.220000000000 -0.002338309921
39.240000000000 -0.002366013671
39.260000000000 -0.002350435638
39.280000000000 -0.002313426491
39.300000000000 -0.002282911331
39.320000000000 -0.002281292020
39.340000000000 -0.002318349767
39.360000000000 -0.002391271208
39.380000000000 -0.002490246898
39.400000000000 -0.002605208798
39.420000000000 -0.002729250531
39.440000000000 -0.002856985118
39.460000000000 -0.002979817646
39.480000000000 -0.003082528349
39.500000000000 -0.003145110871
39.520000000000 -0.003150615587
39.540000000000 -0.003095607280
39.560000000000 -0.002997253247
39.580000000000 -0.002891777226
39.600000000000 -0.002823010339
39.620000000000 -0.002825099141
39.640000000000 -0.002907210299
39.660000000000 -0.003048033407
39.680000000000 -0.003203680484
39.700000000000 -0.003326111843
39.720000000000 -0.003383744297
39.740000000000 -0.003374367216
39.760000000000 -0.003323943054
39.780000000000 -0.003271771655
39.800000000000 -0.003249432492
39.820000000000 -0.003264287541
39.840000000000 -0.003296234360
39.860000000000 -0.003309715764
39.880000000000 -0.003275015507
39.900000000000 -0.003187696946
39.920000000000 -0.003075475936
39.940000000000 -0.002987867673
39.960000000000 -0.002972720192
39.980000000000 -0.003050845304
40.000000000000 -0.003201675572
40.020000000000 -0.003368113251
40.040000000000 -0.003479632910
40.060000000000 -0.003483641080
40.080000000000 -0.003370573422
40.100000000000 -0.003180579882
40.120000000000 -0.002987931785
40.140000000000 -0.002869604555
40.160000000000 -0.002871942186
40.180000000000 -0.002990344227
40.200000000000 -0.003171047284
40.220000000000 -0.003334088982
40.240000000000 -0.003407126418
40.260000000000 -0.003355247923
40.280000000000 -0.003194181668
40.300000000000 -0.002982064921
40.320000000000 -0.002794419863
40.340000000000 -0.002693829195
40.360000000000 -0.002707142204
40.380000000000 -0.002818716000
40.400000000000 -0.002980640263
40.420000000000 -0.003133777538
40.440000000000 -0.003229859474
40.460000000000 -0.003245936174
40.480000000000 -0.003187045763
40.500000000000 -0.003078478971
40.520000000000 -0.002952860450
40.540000000000 -0.002838075759
40.560000000000 -0.002750146545
40.580000000000 -0.002692036178
40.600000000000 -0.002656815755
40.620000000000 -0.002632660959
40.640000000000 -0.002607681513
40.660000000000 -0.002573694211
40.680000000000 -0.002528760407
40.700000000000 -0.002478246822
40.720000000000 -0.002433745434
40.740000000000 -0.002409203961
40.760000000000 -0.002414583322
40.780000000000 -0.002448999898
40.800000000000 -0.002496621563
40.820000000000 -0.002528426869
40.840000000000 -0.002510834453
40.860000000000 -0.002418850098
40.880000000000 -0.002248418773
40.900000000000 -0.002021901113
40.920000000000 -0.001782891631
40.940000000000 -0.001581249541
40.960000000000 -0.001454097512
40.980000000000 -0.001411119221
41.000000000000 -0.001431148272
41.020000000000 -0.001472092892
41.040000000000 -0.001489915939
41.060000000000 -0.001457825119
41.080000000000 -0.001376469716
41.100000000000 -0.001270202888
41.120000000000 -0.001171390576
41.140000000000 -0.001100885203
41.160000000000 -0.001054935479
41.180000000000 -0.001005706093
41.200000000000 -0.000915646262
41.220000000000 -0.000758639991
41.240000000000 -0.000536981782
41.260000000000 -0.000284894783
41.280000000000 -0.000055872118
41.300000000000 0.000100655495
41.320000000000 0.000162132202
41.340000000000 0.000143821188
41.360000000000 0.000092144674
41.380000000000 0.000063337518
41.400000000000 0.000097685203
41.420000000000 0.000201914968
41.440000000000 0.000348320586
41.460000000000 0.000490882918
41.480000000000 0.000590173629
41.500000000000 0.000634473899
41.520000000000 0.000646498982
41.540000000000 0.000672387448
41.560000000000 0.000758502734
41.580000000000 0.000927624153
41.600000000000 0.001166288400
41.620000000000 0.001429388408
41.640000000000 0.001659595126
41.660000000000 0.001812075869
41.680000000000 0.001872822352
41.700000000000 0.001862548204
41.720000000000 0.001825474580
41.740000000000 0.001809509111
41.760000000000 0.001847738573
41.780000000000 0.001949341745
41.800000000000 0.002102333643
41.820000000000 0.002284282359
41.840000000000 0.002473694363
41.860000000000 0.002655785368
41.880000000000 0.002820894948
41.900000000000 0.002958953929
41.920000000000 0.003056012003
41.940000000000 0.003097297747
41.960000000000 0.003076536381
41.980000000000 0.003006205793
42.000000000000 0.002921299135
42.020000000000 0.002871626349
42.040000000000 0.002903727773
42.060000000000 0.003039870033
42.080000000000 0.003264624397
42.100000000000 0.003527064808
42.120000000000 0.003759458208
42.140000000000 0.003904928371
42.160000000000 0.003941377778
42.180000000000 0.003889963314
42.200000000000 0.003803526910
42.220000000000 0.003740224811
42.240000000000 0.003735198782
42.260000000000 0.003784448050
42.280000000000 0.003849162611
42.300000000000 0.003878462566
42.320000000000 0.003838947694
42.340000000000 0.003735655023
42.360000000000 0.003613080731
42.380000000000 0.003534959401
42.400000000000 0.003552477395
42.420000000000 0.003676884523
42.440000000000 0.003870712041
42.460000000000 0.004062732098
42.480000000000 0.004179907016
42.500000000000 0.004180898681
42.520000000000 0.004074705877
42.540000000000 0.003915267159
42.560000000000 0.003774788231
42.580000000000 0.003709107401
42.600000000000 0.003732251680
42.620000000000 0.003812521479
42.640000000000 0.003891446469
42.660000000000 0.003915400151
42.680000000000 0.003863432964
42.700000000000 0.003757118193
42.720000000000 0.003647685245
42.740000000000 0.003587516169
42.760000000000 0.003601119815
42.780000000000 0.003670865437
42.800000000000 0.003745024226
42.820000000000 0.003764070422
42.840000000000 0.003691731395
42.860000000000 0.003534803869
42.880000000000 0.003341494269
42.900000000000 0.003178988595
42.920000000000 0.003101463655
42.940000000000 0.003124460393
42.960000000000 0.003218134281
42.980000000000 0.003322246064
43.000000000000 0.003374886794
43.020000000000 0.003340392317
43.040000000000 0.003222900161
43.060000000000 0.003059799887
43.080000000000 0.002899718284
43.100000000000 0.002777243030
43.120000000000 0.002697530236
43.140000000000 0.002638027581
43.160000000000 0.002565126087
43.180000000000 0.002455715173
43.200000000000 0.002311456057
43.220000000000 0.002158075876
43.240000000000 0.002030514195
43.260000000000 0.001952609842
43.280000000000 0.001922938366
43.300000000000 0.001914874698
43.320000000000 0.001890964119
43.340000000000 0.001823650972
43.360000000000 0.001710760798
43.380000000000 0.001576889304
43.400000000000 0.001459558706
43.420000000000 0.001387482620
43.440000000000 0.001362892282
43.460000000000 0.001358020574
43.480000000000 0.001328388450
43.500000000000 0.001236409223
43.520000000000 0.001072919725
43.540000000000 0.000864832514
43.560000000000 0.000664043708
43.580000000000 0.000522500847
43.600000000000 0.000465832715
43.620000000000 0.000479160653
43.640000000000 0.000512860303
43.660000000000 0.000506014852
43.680000000000 0.000416205052
43.700000000000 0.000240816040
43.720000000000 0.000019058140
43.740000000000 -0.000186571540
43.760000000000 -0.000320415030
43.780000000000 -0.000360609992
43.800000000000 -0.000329703851
43.820000000000 -0.000283877508
43.840000000000 -0.000286274130
43.860000000000 -0.000377595465
43.880000000000 -0.000558145654
43.900000000000 -0.000789504472
43.920000000000 -0.001014162239
43.940000000000 -0.001182767621
43.960000000000 -0.001275421600
43.980000000000 -0.001307109108
44.000000000000 -0.001315790553
44.020000000000 -0.001340431961
44.040000000000 -0.001400882626
44.060000000000 -0.001489829305
44.080000000000 -0.001580194927
44.100000000000 -0.001643060362
44.120000000000 -0.001665827357
44.140000000000 -0.001660600122
44.160000000000 -0.001658323539
44.180000000000 -0.001692003321
44.200000000000 -0.001778193872
44.220000000000 -0.001906830172
44.240000000000 -0.002045024364
44.260000000000 -0.002153067042
44.280000000000 -0.002204462855
44.300000000000 -0.002199705920
44.320000000000 -0.002166698029
44.340000000000 -0.002147507822
44.360000000000 -0.002178034331
44.380000000000 -0.002270596703
44.400000000000 -0.002407869417
44.420000000000 -0.002550868225
44.440000000000 -0.002656844895
44.460000000000 -0.002698391386
44.480000000000 -0.002674910963
44.500000000000 -0.002611708699
44.520000000000 -0.002548024211
44.540000000000 -0.002520286927
44.560000000000 -0.002548409005
44.580000000000 -0.002630617443
44.600000000000 -0.002747690908
44.620000000000 -0.002873048028
44.640000000000 -0.002983096203
44.660000000000 -0.003063298227
44.680000000000 -0.003108566119
44.700000000000 -0.003119865450
44.720000000000 -0.003100496286
44.740000000000 -0.003054747395
44.760000000000 -0.002989259858
44.780000000000 -0.002915119911
44.800000000000 -0.002847924959
44.820000000000 -0.002804306310
44.840000000000 -0.002795849817
44.860000000000 -0.002823464153
44.880000000000 -0.002875618558
44.900000000000 -0.002932138844
44.920000000000 -0.002972304667
44.940000000000 -0.002983492786
44.960000000000 -0.002966039073
44.980000000000 -0.002931781665
45.000000000000 -0.002897007592
45.020000000000 -0.002873504210
45.040000000000 -0.002862465669
45.060000000000 -0.002854500232
45.080000000000 -0.002835697101
45.100000000000 -0.002796405653
45.120000000000 -0.002737857215
45.140000000000 -0.002672870730
45.160000000000 -0.002620053043
45.180000000000 -0.002594431392
45.200000000000 -0.002599433841
45.220000000000 -0.002624487248
45.240000000000 -0.002649572997
45.260000000000 -0.002654441413
45.280000000000 -0.002627786586
45.300000000000 -0.002571792983
45.320000000000 -0.002499988084
45.340000000000 -0.002429875445
45.360000000000 -0.002374457233
45.380000000000 -0.002337089221
45.400000000000 -0.002312033374
45.420000000000 -0.002289799550
45.440000000000 -0.002263750874
45.460000000000 -0.002233938011
45.480000000000 -0.002205966490
45.500000000000 -0.002185791281
45.520000000000 -0.002173863919
45.540000000000 -0.002162537689
45.560000000000 -0.002138749492
45.580000000000 -0.002090803152
45.600000000000 -0.002015431612
45.620000000000 -0.001920813823
45.640000000000 -0.001823278861
45.660000000000 -0.001738987999
45.680000000000 -0.001674962791
45.700000000000 -0.001624607424
45.720000000000 -0.001570749219
45.740000000000 -0.001495199980
45.760000000000 -0.001390062508
45.780000000000 -0.001264604772
45.800000000000 -0.001143438278
45.820000000000 -0.001056130277
45.840000000000 -0.001023007764
45.860000000000 -0.001044281465
45.880000000000 -0.001098330862
45.900000000000 -0.001150548406
45.920000000000 -0.001168755330
45.940000000000 -0.001137679480
45.960000000000 -0.001065249516
45.980000000000 -0.000977493071
46.000000000000 -0.000904619530
46.020000000000 -0.000865426378
46.040000000000 -0.000858071556
46.060000000000 -0.000861955917
46.080000000000 -0.000849621809
46.100000000000 -0.000802239359
46.120000000000 -0.000720263987
46.140000000000 -0.000623335097
46.160000000000 -0.000539219639
46.180000000000 -0.000487597271
46.200000000000 -0.000467529663
46.220000000000 -0.000455828874
46.240000000000 -0.000417949735
46.260000000000 -0.000326320475
46.280000000000 -0.000176725430
46.300000000000 0.000006159687
46.320000000000 0.000177770126
46.340000000000 0.000293495799
46.360000000000 0.000329876856
46.380000000000 0.000296526753
46.400000000000 0.000232430863
46.420000000000 0.000187930544
46.440000000000 0.000200938999
46.460000000000 0.000279051043
46.480000000000 0.000396522423
46.500000000000 0.000507836619
46.520000000000 0.000571317415
46.540000000000 0.000571119015
46.560000000000 0.000526548825
46.580000000000 0.000483812356
46.600000000000 0.000493913887
46.620000000000 0.000587324237
46.640000000000 0.000757722058
46.660000000000 0.000962780541
46.680000000000 0.001141749656
46.700000000000 0.001241531308
46.720000000000 0.001239002451
46.740000000000 0.001149379956
46.760000000000 0.001017336294
46.780000000000 0.000895877244
46.800000000000 0.000823580417
46.820000000000 0.000811003060
46.840000000000 0.000841971438
46.860000000000 0.000887772760
46.880000000000 0.000925916859
46.900000000000 0.000953270983
46.920000000000 0.000986800411
46.940000000000 0.001051970188
46.960000000000 0.001165494358
46.980000000000 0.001322138946
47.000000000000 0.001493173773
47.020000000000 0.001637950431
47.040000000000 0.001723123871
47.060000000000 0.001739811661
47.080000000000 0.001709677370
47.100000000000 0.001676225795
47.120000000000 0.001684886865
47.140000000000 0.001761130760
47.160000000000 0.001897094420
47.180000000000 0.002053382364
47.200000000000 0.002175662636
47.220000000000 0.002218773886
47.240000000000 0.002167541897
47.260000000000 0.002044964970
47.280000000000 0.001904097645
47.300000000000 0.001807152553
47.320000000000 0.001800772134
47.340000000000 0.001897765108
47.360000000000 0.002072486023
47.380000000000 0.002271087979
47.400000000000 0.002431844578
47.420000000000 0.002507161125
47.440000000000 0.002479012881
47.460000000000 0.002362887846
47.480000000000 0.002200110545
47.500000000000 0.002042571607
47.520000000000 0.001935892210
47.540000000000 0.001906566368
47.560000000000 0.001956366258
47.580000000000 0.002064499323
47.600000000000 0.002195756331
47.620000000000 0.002311702911
47.640000000000 0.002381770333
47.660000000000 0.002391528129
47.680000000000 0.002346169246
47.700000000000 0.002268241584
47.720000000000 0.002189984166
47.740000000000 0.002142204282
47.760000000000 0.002143063333
47.780000000000 0.002190752967
47.800000000000 0.002263239226
47.820000000000 0.002325940168
47.840000000000 0.002345054318
47.860000000000 0.002301561014
47.880000000000 0.002200025570
47.900000000000 0.002067981587
47.920000000000 0.001945422856
47.940000000000 0.001868315909
47.960000000000 0.001853049591
47.980000000000 0.001888822072
48.000000000000 0.001941833545
48.020000000000 0.001970022243
48.040000000000 0.001942212343
48.060000000000 0.001853219774
48.080000000000 0.001727899693
48.100000000000 0.001611824190
48.120000000000 0.001552208515
48.140000000000 0.001577176262
48.160000000000 0.001682390244
48.180000000000 0.001830990244
48.200000000000 0.001967029344
48.220000000000 0.002036771175
48.240000000000 0.002008913753
48.260000000000 0.001885472212
48.280000000000 0.001699287027
48.300000000000 0.001499924455
48.320000000000 0.001334462951
48.340000000000 0.001231278149
48.360000000000 0.001192933710
48.380000000000 0.001199823109
48.400000000000 0.001221498793
48.420000000000 0.001229821057
48.440000000000 0.001208237100
48.460000000000 0.001154229926
48.480000000000 0.001075643691
48.500000000000 0.000984290168
48.520000000000 0.000890747065
48.540000000000 0.000802603055
48.560000000000 0.000725759430
48.580000000000 0.000666379188
48.600000000000 0.000630835751
48.620000000000 0.000622629350
48.640000000000 0.000637687523
48.660000000000 0.000661217299
48.680000000000 0.000669161416
48.700000000000 0.000635199161
48.720000000000 0.000541151055
48.740000000000 0.000386263801
48.760000000000 0.000190589347
48.780000000000 -0.000010087294
48.800000000000 -0.000176500784
48.820000000000 -0.000280504425
48.840000000000 -0.000315694596
48.860000000000 -0.000299210315
48.880000000000 -0.000263724319
48.900000000000 -0.000243125285
48.920000000000 -0.000258338459
48.940000000000 -0.000309679462
48.960000000000 -0.000379052357
48.980000000000 -0.000440637013
49.000000000000 -0.000474704232
49.020000000000 -0.000477791662
49.040000000000 -0.000464352232
49.060000000000 -0.000459227966
49.080000000000 -0.000484823493
49.100000000000 -0.000549435632
49.120000000000 -0.000642575454
49.140000000000 -0.000739617419
49.160000000000 -0.000813470916
49.180000000000 -0.000847496412
49.200000000000 -0.000843299821
49.220000000000 -0.000819614358
49.240000000000 -0.000802923131
49.260000000000 -0.000814564858
49.280000000000 -0.000860760637
49.300000000000 -0.000930465454
49.320000000000 -0.001001967792
49.340000000000 -0.001054742290
49.360000000000 -0.001080428362
49.380000000000 -0.001087284752
49.400000000000 -0.001095813024
49.420000000000 -0.001127763404
49.440000000000 -0.001194149474
49.460000000000 -0.001288471812
49.480000000000 -0.001388778934
49.500000000000 -0.001467754963
49.520000000000 -0.001505940899
49.540000000000 -0.001501525296
49.560000000000 -0.001471735311
49.580000000000 -0.001444945678
49.600000000000 -0.001447182157
49.620000000000 -0.001489472938
49.640000000000 -0.001562128582
49.660000000000 -0.001638702656
49.680000000000 -0.001687749989
49.700000000000 -0.001686829000
49.720000000000 -0.001632252528
49.740000000000 -0.001540270668
49.760000000000 -0.001439525995
49.780000000000 -0.001358679456
49.800000000000 -0.001315108632
49.820000000000 -0.001309660204
49.840000000000 -0.001329205458
49.860000000000 -0.001354925353
49.880000000000 -0.001371761116
49.900000000000 -0.001374443985
49.920000000000 -0.001367773521
49.940000000000 -0.001361998836
49.960000000000 -0.001366528890
49.980000000000 -0.001385565814
50.000000000000 -0.001417594239
50.020000000000 -0.001458074077
50.040000000000 -0.001502750691
