0.400000000000 -0.310313943906
0.420000000000 -0.305513649581
0.440000000000 -0.302853508719
0.460000000000 -0.303098035199
0.480000000000 -0.305219783792
0.500000000000 -0.306974004116
0.520000000000 -0.306120646818
0.540000000000 -0.301597032469
0.560000000000 -0.293997214407
0.580000000000 -0.285111852401
0.600000000000 -0.276802809317
0.620000000000 -0.269847783211
0.640000000000 -0.263400952773
0.660000000000 -0.255374969124
0.680000000000 -0.243544552488
0.700000000000 -0.226775445277
0.720000000000 -0.205707647607
0.740000000000 -0.182508997202
0.760000000000 -0.159811079677
0.780000000000 -0.139379514045
0.800000000000 -0.121219511081
0.820000000000 -0.103594298113
0.840000000000 -0.083955309314
0.860000000000 -0.060302118733
0.880000000000 -0.032262742318
0.900000000000 -0.001333787206
0.920000000000 0.029831698627
0.940000000000 0.058690045558
0.960000000000 0.083927977569
0.980000000000 0.105816127991
1.000000000000 0.125590399350
1.020000000000 0.144199343764
1.040000000000 0.161133273270
1.060000000000 0.174052456393
1.080000000000 0.179540204327
1.100000000000 0.174712952322
1.120000000000 0.158929417380
1.140000000000 0.134719003699
1.160000000000 0.107379621173
1.180000000000 0.083330001046
1.200000000000 0.067930737741
1.220000000000 0.063790137690
1.240000000000 0.070376299050
1.260000000000 0.085139823956
1.280000000000 0.105601131150
1.300000000000 0.131339672853
1.320000000000 0.164805872126
1.340000000000 0.210392098236
1.360000000000 0.272021496977
1.380000000000 0.350263020046
1.400000000000 0.440300565981
1.420000000000 0.531808923330
1.440000000000 0.611026144515
1.460000000000 0.664392238741
1.480000000000 0.682451372130
1.500000000000 0.662581662980
1.520000000000 0.609574659687
1.540000000000 0.533928791751
1.560000000000 0.448582107099
1.580000000000 0.365332847430
1.600000000000 0.292189596132
1.620000000000 0.232401684359
1.640000000000 0.185192337058
1.660000000000 0.147576283016
1.680000000000 0.116343915906
1.700000000000 0.089414389201
1.720000000000 0.066188310320
1.740000000000 0.047035755114
1.760000000000 0.032404448904
1.780000000000 0.022097097112
1.800000000000 0.015065668068
1.820000000000 0.009742901853
1.840000000000 0.004654073461
1.860000000000 -0.001049623280
1.880000000000 -0.007399642708
1.900000000000 -0.013810877136
1.920000000000 -0.019518812578
1.940000000000 -0.024001580157
1.960000000000 -0.027182698249
1.980000000000 -0.029355129810
2.000000000000 -0.030920476422
2.020000000000 -0.032117700936
2.040000000000 -0.032892154146
2.060000000000 -0.032955865563
2.080000000000 -0.031978846999
2.100000000000 -0.029790451534
2.120000000000 -0.026485215141
2.140000000000 -0.022398766665
2.160000000000 -0.017997141556
2.180000000000 -0.013760645270
2.200000000000 -0.010124250356
2.220000000000 -0.007480064209
2.240000000000 -0.006195013555
2.260000000000 -0.006584511123
2.280000000000 -0.008818711254
2.300000000000 -0.012797948001
2.320000000000 -0.018077152770
2.340000000000 -0.023913448218
2.360000000000 -0.029454117699
2.380000000000 -0.034003551097
2.400000000000 -0.037253199873
2.420000000000 -0.039362906882
2.440000000000 -0.040848095007
2.460000000000 -0.042322751636
2.480000000000 -0.044222071118
2.500000000000 -0.046639774188
2.520000000000 -0.049355386381
2.540000000000 -0.052026693038
2.560000000000 -0.054435580241
2.580000000000 -0.056648801230
2.600000000000 -0.059003915379
2.620000000000 -0.061928696045
2.640000000000 -0.065696234606
2.660000000000 -0.070255864178
2.680000000000 -0.075240091269
2.700000000000 -0.080150756130
2.720000000000 -0.084626320612
2.740000000000 -0.088642675547
2.760000000000 -0.092531035373
2.780000000000 -0.096793506534
2.800000000000 -0.101808400753
2.820000000000 -0.107582630812
2.840000000000 -0.113690412755
2.860000000000 -0.119443081390
2.880000000000 -0.124212614227
2.900000000000 -0.127746186505
2.920000000000 -0.130307306150
2.940000000000 -0.132563920923
2.960000000000 -0.135272560052
2.980000000000 -0.138913331372
3.000000000000 -0.143457751751
3.020000000000 -0.148384862431
3.040000000000 -0.152934779756
3.060000000000 -0.156468212101
3.080000000000 -0.158748313551
3.100000000000 -0.160004615973
3.120000000000 -0.160754687174
3.140000000000 -0.161486520407
3.160000000000 -0.162376408106
3.180000000000 -0.163195506842
3.200000000000 -0.163455096318
3.220000000000 -0.162710571529
3.240000000000 -0.160856710429
3.260000000000 -0.158248675325
3.280000000000 -0.155574232079
3.300000000000 -0.153535157989
3.320000000000 -0.152499692074
3.340000000000 -0.152307591129
3.360000000000 -0.152333303930
3.380000000000 -0.151779837619
3.400000000000 -0.150055341007
3.420000000000 -0.147039755642
3.440000000000 -0.143104382253
3.460000000000 -0.138874911023
3.480000000000 -0.134862359481
3.500000000000 -0.131156608050
3.520000000000 -0.127346566658
3.540000000000 -0.122714426567
3.560000000000 -0.116608723206
3.580000000000 -0.108805867795
3.600000000000 -0.099672066585
3.620000000000 -0.090036847357
3.640000000000 -0.080835438624
3.660000000000 -0.072695410605
3.680000000000 -0.065672721449
3.700000000000 -0.059268167649
3.720000000000 -0.052714788903
3.740000000000 -0.045391336514
3.760000000000 -0.037155032085
3.780000000000 -0.028429387579
3.800000000000 -0.020007527546
3.820000000000 -0.012674519308
3.840000000000 -0.006841268309
3.860000000000 -0.002373340550
3.880000000000 0.001303307816
3.900000000000 0.004878657266
3.920000000000 0.008784641685
3.940000000000 0.012960570650
3.960000000000 0.016873637957
3.980000000000 0.019779363427
4.000000000000 0.021086505488
4.020000000000 0.020641815467
4.040000000000 0.018795239669
4.060000000000 0.016220650488
4.080000000000 0.013591128521
4.100000000000 0.011277994482
4.120000000000 0.009224803598
4.140000000000 0.007052718617
4.160000000000 0.004332407709
4.180000000000 0.000872667629
4.200000000000 -0.003129736746
4.220000000000 -0.007159508924
4.240000000000 -0.010636180787
4.260000000000 -0.013219498518
4.280000000000 -0.015006997176
4.300000000000 -0.016518144306
4.320000000000 -0.018467358303
4.340000000000 -0.021434597008
4.360000000000 -0.025593495361
4.380000000000 -0.030628303980
4.400000000000 -0.035877801756
4.420000000000 -0.040634320827
4.440000000000 -0.044453630104
4.460000000000 -0.047331040785
4.480000000000 -0.049668414092
4.500000000000 -0.052059228625
4.520000000000 -0.055003181905
4.540000000000 -0.058687913132
4.560000000000 -0.062933896330
4.580000000000 -0.067313692613
4.600000000000 -0.071372808986
4.620000000000 -0.074837417763
4.640000000000 -0.077711674598
4.660000000000 -0.080231025768
4.680000000000 -0.082712232183
4.700000000000 -0.085387601224
4.720000000000 -0.088308739226
4.740000000000 -0.091359356630
4.760000000000 -0.094354780368
4.780000000000 -0.097161752200
4.800000000000 -0.099767913694
4.820000000000 -0.102265422315
4.840000000000 -0.104765626644
4.860000000000 -0.107301580638
4.880000000000 -0.109780695471
4.900000000000 -0.112019132917
4.920000000000 -0.113840888678
4.940000000000 -0.115185673976
4.960000000000 -0.116162506202
4.980000000000 -0.117014385444
5.000000000000 -0.118007850218
5.020000000000 -0.119302951632
5.040000000000 -0.120871343752
5.060000000000 -0.122505967748
5.080000000000 -0.123918113932
5.100000000000 -0.124872003808
5.120000000000 -0.125287789833
5.140000000000 -0.125261150193
5.160000000000 -0.124992049239
5.180000000000 -0.124662965119
5.200000000000 -0.124332601078
5.220000000000 -0.123901382134
5.240000000000 -0.123165459042
5.260000000000 -0.121927918567
5.280000000000 -0.120105182589
5.300000000000 -0.117769506893
5.320000000000 -0.115103354069
5.340000000000 -0.112289462302
5.360000000000 -0.109395913344
5.380000000000 -0.106319372268
5.400000000000 -0.102819674371
5.420000000000 -0.098630780733
5.440000000000 -0.093592175940
5.460000000000 -0.087732690752
5.480000000000 -0.081262072894
5.500000000000 -0.074472473739
5.520000000000 -0.067598197373
5.540000000000 -0.060703758586
5.560000000000 -0.053656391491
5.580000000000 -0.046196855425
5.600000000000 -0.038073377468
5.620000000000 -0.029172704843
5.640000000000 -0.019584784282
5.660000000000 -0.009571591479
5.680000000000 0.000541722550
5.700000000000 0.010498176381
5.720000000000 0.020199366989
5.740000000000 0.029715073760
5.760000000000 0.039214325060
5.780000000000 0.048858769390
5.800000000000 0.058714803878
5.820000000000 0.068726764632
5.840000000000 0.078758418731
5.860000000000 0.088673322627
5.880000000000 0.098405657275
5.900000000000 0.107981166239
5.920000000000 0.117477469785
5.940000000000 0.126947662486
5.960000000000 0.136351908186
5.980000000000 0.145537758042
6.000000000000 0.154283634583
6.020000000000 0.162385684945
6.040000000000 0.169744346816
6.060000000000 0.176406061281
6.080000000000 0.182537902340
6.100000000000 0.188346588966
6.120000000000 0.193980830247
6.140000000000 0.199463279933
6.160000000000 0.204682391315
6.180000000000 0.209444126830
6.200000000000 0.213554799208
6.220000000000 0.216893771915
6.240000000000 0.219443767555
6.260000000000 0.221271071641
6.280000000000 0.222474127260
6.300000000000 0.223132944064
6.320000000000 0.223286800330
6.340000000000 0.222947898555
6.360000000000 0.222135930067
6.380000000000 0.220906018638
6.400000000000 0.219347179070
6.420000000000 0.217547273685
6.440000000000 0.215542415134
6.460000000000 0.213280969419
6.480000000000 0.210627302022
6.500000000000 0.207410359866
6.520000000000 0.203497783752
6.540000000000 0.198860879038
6.560000000000 0.193598167256
6.580000000000 0.187904644936
6.600000000000 0.182000361991
6.620000000000 0.176051695553
6.640000000000 0.170121460566
6.660000000000 0.164168521793
6.680000000000 0.158092260018
6.700000000000 0.151795565443
6.720000000000 0.145233217776
6.740000000000 0.138423540744
6.760000000000 0.131423323629
6.780000000000 0.124286534304
6.800000000000 0.117034841430
6.820000000000 0.109658522183
6.840000000000 0.102145798507
6.860000000000 0.094519314321
6.880000000000 0.086852118595
6.900000000000 0.079246610180
6.920000000000 0.071782732112
6.940000000000 0.064463278288
6.960000000000 0.057191317147
6.980000000000 0.049801652427
7.000000000000 0.042140320735
7.020000000000 0.034157695355
7.040000000000 0.025967734795
7.060000000000 0.017837102644
7.080000000000 0.010099687194
7.100000000000 0.003029500486
7.120000000000 -0.003271068795
7.140000000000 -0.008913557232
7.160000000000 -0.014172334091
7.180000000000 -0.019359997024
7.200000000000 -0.024685424117
7.220000000000 -0.030160979154
7.240000000000 -0.035603603830
7.260000000000 -0.040730335668
7.280000000000 -0.045303250524
7.300000000000 -0.049254220142
7.320000000000 -0.052728610823
7.340000000000 -0.056025359632
7.360000000000 -0.059460454889
7.380000000000 -0.063217778788
7.400000000000 -0.067257684910
7.420000000000 -0.071326550261
7.440000000000 -0.075063077252
7.460000000000 -0.078152219051
7.480000000000 -0.080456579460
7.500000000000 -0.082067415748
7.520000000000 -0.083256162488
7.540000000000 -0.084353415707
7.560000000000 -0.085613524519
7.580000000000 -0.087125310862
7.600000000000 -0.088803471067
7.620000000000 -0.090455037176
7.640000000000 -0.091881105121
7.660000000000 -0.092961939167
7.680000000000 -0.093687755807
7.700000000000 -0.094128910098
7.720000000000 -0.094370784318
7.740000000000 -0.094454381348
7.760000000000 -0.094356520582
7.780000000000 -0.094018824282
7.800000000000 -0.093406395652
7.820000000000 -0.092560403746
7.840000000000 -0.091612117024
7.860000000000 -0.090746842801
7.880000000000 -0.090133184279
7.900000000000 -0.089851707978
7.920000000000 -0.089857983788
7.940000000000 -0.089998012023
7.960000000000 -0.090068447534
7.980000000000 -0.089893009827
8.000000000000 -0.089380374192
8.020000000000 -0.088539953670
8.040000000000 -0.087453758365
8.060000000000 -0.086223403802
8.080000000000 -0.084920976664
8.100000000000 -0.083566931332
8.120000000000 -0.082141593922
8.140000000000 -0.080618661367
8.160000000000 -0.078998832195
8.180000000000 -0.077324001769
8.200000000000 -0.075664932158
8.220000000000 -0.074090412553
8.240000000000 -0.072635351860
8.260000000000 -0.071284454073
8.280000000000 -0.069978516101
8.300000000000 -0.068638050386
8.320000000000 -0.067190914895
8.340000000000 -0.065590900664
8.360000000000 -0.063821655229
8.380000000000 -0.061889707902
8.400000000000 -0.059815775359
8.420000000000 -0.057631914401
8.440000000000 -0.055385050662
8.460000000000 -0.053140081839
8.480000000000 -0.050973518302
8.500000000000 -0.048953642261
8.520000000000 -0.047112814020
8.540000000000 -0.045425787121
8.560000000000 -0.043808829978
8.580000000000 -0.042146097018
8.600000000000 -0.040335590337
8.620000000000 -0.038334727929
8.640000000000 -0.036182436476
8.660000000000 -0.033983829940
8.680000000000 -0.031861330431
8.700000000000 -0.029893759648
8.720000000000 -0.028072960113
8.740000000000 -0.026300814956
8.760000000000 -0.024430564053
8.780000000000 -0.022334197701
8.800000000000 -0.019963774898
8.820000000000 -0.017376369284
8.840000000000 -0.014709676972
8.860000000000 -0.012119729116
8.880000000000 -0.009711279082
8.900000000000 -0.007495316993
8.920000000000 -0.005394520758
8.940000000000 -0.003293058028
8.960000000000 -0.001104483546
8.980000000000 0.001177719319
9.000000000000 0.003473262969
9.020000000000 0.005655340311
9.040000000000 0.007616921047
9.060000000000 0.009328320363
9.080000000000 0.010855909144
9.100000000000 0.012332245532
9.120000000000 0.013893381427
9.140000000000 0.015616179354
9.160000000000 0.017488109449
9.180000000000 0.019424367638
9.200000000000 0.021321656920
9.220000000000 0.023118265034
9.240000000000 0.024826814490
9.260000000000 0.026521167165
9.280000000000 0.028284459980
9.300000000000 0.030147408198
9.320000000000 0.032052655136
9.340000000000 0.033868013083
9.360000000000 0.035445355197
9.380000000000 0.036696386593
9.400000000000 0.037645368773
9.420000000000 0.038428655956
9.440000000000 0.039237236119
9.460000000000 0.040228050305
9.480000000000 0.041447265018
9.500000000000 0.042804403961
9.520000000000 0.044111862512
9.540000000000 0.045171862456
9.560000000000 0.045868819288
9.580000000000 0.046221839483
9.600000000000 0.046371590806
9.620000000000 0.046508411792
9.640000000000 0.046777789465
9.660000000000 0.047210394090
9.680000000000 0.047711098483
9.700000000000 0.048111337810
9.720000000000 0.048257108813
9.740000000000 0.048087166079
9.760000000000 0.047661492420
9.780000000000 0.047125944177
9.800000000000 0.046631806593
9.820000000000 0.046252056040
9.840000000000 0.045937731941
9.860000000000 0.045537308498
9.880000000000 0.044869918572
9.900000000000 0.043816058082
9.920000000000 0.042380694001
9.940000000000 0.040697657856
9.960000000000 0.038973463119
9.980000000000 0.037398301188
10.000000000000 0.036067156965
10.020000000000 0.034947581511
10.040000000000 0.033906563507
10.060000000000 0.032779820376
10.080000000000 0.031447425515
10.100000000000 0.029879259596
10.120000000000 0.028131578005
10.140000000000 0.026302031823
10.160000000000 0.024471009729
10.180000000000 0.022661898653
10.200000000000 0.020840169808
10.220000000000 0.018948634092
10.240000000000 0.016956208610
10.260000000000 0.014890702202
10.280000000000 0.012835709916
10.300000000000 0.010892096207
10.320000000000 0.009124502171
10.340000000000 0.007522070954
10.360000000000 0.005995570586
10.380000000000 0.004414205520
10.400000000000 0.002664777464
10.420000000000 0.000704348964
10.440000000000 -0.001418970598
10.460000000000 -0.003586189236
10.480000000000 -0.005657255445
10.500000000000 -0.007525458129
10.520000000000 -0.009150924541
10.540000000000 -0.010560272559
10.560000000000 -0.011817694261
10.580000000000 -0.012986722541
10.600000000000 -0.014104457962
10.620000000000 -0.015180420227
10.640000000000 -0.016216420265
10.660000000000 -0.017231102495
10.680000000000 -0.018270306199
10.700000000000 -0.019393427889
10.720000000000 -0.020641232848
10.740000000000 -0.022003180742
10.760000000000 -0.023404817755
10.780000000000 -0.024726288203
10.800000000000 -0.025846421349
10.820000000000 -0.026692189985
10.840000000000 -0.027268873391
10.860000000000 -0.027654892939
10.880000000000 -0.027962857031
10.900000000000 -0.028285722387
10.920000000000 -0.028654892362
10.940000000000 -0.029031129102
10.960000000000 -0.029332256326
10.980000000000 -0.029482539115
11.000000000000 -0.029457382478
11.020000000000 -0.029299573979
11.040000000000 -0.029098419343
11.060000000000 -0.028942847131
11.080000000000 -0.028873465222
11.100000000000 -0.028859239492
11.120000000000 -0.028811504251
11.140000000000 -0.028628216281
11.160000000000 -0.028245213658
11.180000000000 -0.027667354073
11.200000000000 -0.026962949548
11.220000000000 -0.026224398841
11.240000000000 -0.025516056395
11.260000000000 -0.024837488518
11.280000000000 -0.024122421847
11.300000000000 -0.023274844739
11.320000000000 -0.022223725652
11.340000000000 -0.020967268116
11.360000000000 -0.019582308342
11.380000000000 -0.018192222097
11.400000000000 -0.016908468323
11.420000000000 -0.015775317802
11.440000000000 -0.014746679017
11.460000000000 -0.013708219562
11.480000000000 -0.012534991070
11.500000000000 -0.011156201347
11.520000000000 -0.009594270862
11.540000000000 -0.007957456361
11.560000000000 -0.006388272270
11.580000000000 -0.004992284005
11.600000000000 -0.003782346948
11.620000000000 -0.002666610187
11.640000000000 -0.001487748772
11.660000000000 -0.000096090645
11.680000000000 0.001577322667
11.700000000000 0.003482081537
11.720000000000 0.005462522151
11.740000000000 0.007318449274
11.760000000000 0.008885037323
11.780000000000 0.010096429894
11.800000000000 0.011006107145
11.820000000000 0.011757603953
11.840000000000 0.012521521371
11.860000000000 0.013428471076
11.880000000000 0.014526793881
11.900000000000 0.015779995406
11.920000000000 0.017099377666
11.940000000000 0.018391959440
11.960000000000 0.019599407356
11.980000000000 0.020711379881
12.000000000000 0.021751479554
12.020000000000 0.022747896262
12.040000000000 0.023706944458
12.060000000000 0.024603711577
12.080000000000 0.025392977431
12.100000000000 0.026031893438
12.120000000000 0.026499926513
12.140000000000 0.026804134743
12.160000000000 0.026967064073
12.180000000000 0.027005048524
12.200000000000 0.026910592405
12.220000000000 0.026650603847
12.240000000000 0.026183608228
12.260000000000 0.025488366956
12.280000000000 0.024589284217
12.300000000000 0.023564365653
12.320000000000 0.022529197344
12.340000000000 0.021601614471
12.360000000000 0.020860910065
12.380000000000 0.020318203203
12.400000000000 0.019909808267
12.420000000000 0.019515648956
12.440000000000 0.018994695071
12.460000000000 0.018223596758
12.480000000000 0.017125290454
12.500000000000 0.015680286398
12.520000000000 0.013921187650
12.540000000000 0.011916880990
12.560000000000 0.009754464178
12.580000000000 0.007524519205
12.600000000000 0.005311060385
12.620000000000 0.003184211774
12.640000000000 0.001193170300
12.660000000000 -0.000640896023
12.680000000000 -0.002329524472
12.700000000000 -0.003915392695
12.720000000000 -0.005462146399
12.740000000000 -0.007036952708
12.760000000000 -0.008691040542
12.780000000000 -0.010445308866
12.800000000000 -0.012286515372
12.820000000000 -0.014175166486
12.840000000000 -0.016061166460
12.860000000000 -0.017900131088
12.880000000000 -0.019663628583
12.900000000000 -0.021340209297
12.920000000000 -0.022928938206
12.940000000000 -0.024430633473
12.960000000000 -0.025842339307
12.980000000000 -0.027157724386
13.000000000000 -0.028371889238
13.020000000000 -0.029486045610
13.040000000000 -0.030507556873
13.060000000000 -0.031443965678
13.080000000000 -0.032294056469
13.100000000000 -0.033041975148
13.120000000000 -0.033659876267
13.140000000000 -0.034120332243
13.160000000000 -0.034413843716
13.180000000000 -0.034562483371
13.200000000000 -0.034620739298
13.220000000000 -0.034659666636
13.240000000000 -0.034738510752
13.260000000000 -0.034875174852
13.280000000000 -0.035029415162
13.300000000000 -0.035108612883
13.320000000000 -0.034996679940
13.340000000000 -0.034596122603
13.360000000000 -0.033866459700
13.380000000000 -0.032842570845
13.400000000000 -0.031624401512
13.420000000000 -0.030341517228
13.440000000000 -0.029106903861
13.460000000000 -0.027979142853
13.480000000000 -0.026948379181
13.500000000000 -0.025950945251
13.520000000000 -0.024904884763
13.540000000000 -0.023749688578
13.560000000000 -0.022472348588
13.580000000000 -0.021108792462
13.600000000000 -0.019721526380
13.620000000000 -0.018365337221
13.640000000000 -0.017058075973
13.660000000000 -0.015770578643
13.680000000000 -0.014440263023
13.700000000000 -0.013001508051
13.720000000000 -0.011418024959
13.740000000000 -0.009701727422
13.760000000000 -0.007909275928
13.780000000000 -0.006118185126
13.800000000000 -0.004393973495
13.820000000000 -0.002763789322
13.840000000000 -0.001208539573
13.860000000000 0.000323408323
13.880000000000 0.001887994378
13.900000000000 0.003516209410
13.920000000000 0.005197222812
13.940000000000 0.006880961414
13.960000000000 0.008497896860
13.980000000000 0.009986080838
14.000000000000 0.011312928685
14.020000000000 0.012482806633
14.040000000000 0.013529025927
14.060000000000 0.014496425063
14.080000000000 0.015424541077
14.100000000000 0.016339709339
14.120000000000 0.017258439320
14.140000000000 0.018197457157
14.160000000000 0.019181696268
14.180000000000 0.020242535381
14.200000000000 0.021404292853
14.220000000000 0.022664432262
14.240000000000 0.023978126805
14.260000000000 0.025257769373
14.280000000000 0.026392252075
14.300000000000 0.027281790337
14.320000000000 0.027875921923
14.340000000000 0.028199054564
14.360000000000 0.028351435624
14.380000000000 0.028482498224
14.400000000000 0.028744471119
14.420000000000 0.029242307194
14.440000000000 0.029997934486
14.460000000000 0.030941764732
14.480000000000 0.031934434542
14.500000000000 0.032810941879
14.520000000000 0.033431845421
14.540000000000 0.033724603912
14.560000000000 0.033702546917
14.580000000000 0.033457217391
14.600000000000 0.033128592759
14.620000000000 0.032863941924
14.640000000000 0.032778152836
14.660000000000 0.032926329046
14.680000000000 0.033294683451
14.700000000000 0.033810143891
14.720000000000 0.034364266225
14.740000000000 0.034844004481
14.760000000000 0.035160935135
14.780000000000 0.035271562220
14.800000000000 0.035183999230
14.820000000000 0.034950094517
14.840000000000 0.034646130799
14.860000000000 0.034348508732
14.880000000000 0.034112208888
14.900000000000 0.033958630826
14.920000000000 0.033875832671
14.940000000000 0.033829472741
14.960000000000 0.033778787084
14.980000000000 0.033690481347
15.000000000000 0.033545196661
15.020000000000 0.033335426580
15.040000000000 0.033058341364
15.060000000000 0.032709531811
15.080000000000 0.032282762740
15.100000000000 0.031776772434
15.120000000000 0.031205094157
15.140000000000 0.030601710171
15.160000000000 0.030016215854
15.180000000000 0.029497162994
15.200000000000 0.029069118714
15.220000000000 0.028714094744
15.240000000000 0.028368201158
15.260000000000 0.027938736372
15.280000000000 0.027337545644
15.300000000000 0.026517736204
15.320000000000 0.025497321232
15.340000000000 0.024357511377
15.360000000000 0.023213969257
15.380000000000 0.022171794090
15.400000000000 0.021283361392
15.420000000000 0.020527996274
15.440000000000 0.019823274755
15.460000000000 0.019063413818
15.480000000000 0.018167391645
15.500000000000 0.017114427651
15.520000000000 0.015950025498
15.540000000000 0.014759645347
15.560000000000 0.013622751896
15.580000000000 0.012569856023
15.600000000000 0.011564182738
15.620000000000 0.010517891235
15.640000000000 0.009335786759
15.660000000000 0.007965439627
15.680000000000 0.006428612286
15.700000000000 0.004817215135
15.720000000000 0.003253964898
15.740000000000 0.001835425004
15.760000000000 0.000584564606
15.780000000000 -0.000563519083
15.800000000000 -0.001734208549
15.820000000000 -0.003055561971
15.840000000000 -0.004596311759
15.860000000000 -0.006328717953
15.880000000000 -0.008134443178
15.900000000000 -0.009851957393
15.920000000000 -0.011344741226
15.940000000000 -0.012559790635
15.960000000000 -0.013550224685
15.980000000000 -0.014452114323
16.000000000000 -0.015426309166
16.020000000000 -0.016591436421
16.040000000000 -0.017977410701
16.060000000000 -0.019518620045
16.080000000000 -0.021087568029
16.100000000000 -0.022551906210
16.120000000000 -0.023828614836
16.140000000000 -0.024912292064
16.160000000000 -0.025867843522
16.180000000000 -0.026794491029
16.200000000000 -0.027780022117
16.220000000000 -0.028866407303
16.240000000000 -0.030040180096
16.260000000000 -0.031247909436
16.280000000000 -0.032425460801
16.300000000000 -0.033524997014
16.320000000000 -0.034527376141
16.340000000000 -0.035436968986
16.360000000000 -0.036265553061
16.380000000000 -0.037016813217
16.400000000000 -0.037680989448
16.420000000000 -0.038242070098
16.440000000000 -0.038691992427
16.460000000000 -0.039042093806
16.480000000000 -0.039323775466
16.500000000000 -0.039576820752
16.520000000000 -0.039831250793
16.540000000000 -0.040092741853
16.560000000000 -0.040340102482
16.580000000000 -0.040536910889
16.600000000000 -0.040651635940
16.620000000000 -0.040675675503
16.640000000000 -0.040629467019
16.660000000000 -0.040552869529
16.680000000000 -0.040484242118
16.700000000000 -0.040438731028
16.720000000000 -0.040397017188
16.740000000000 -0.040310749809
16.760000000000 -0.040122669951
16.780000000000 -0.039792198792
16.800000000000 -0.039314645742
16.820000000000 -0.038725378896
16.840000000000 -0.038087524186
16.860000000000 -0.037469286528
16.880000000000 -0.036921109893
16.900000000000 -0.036461837580
16.920000000000 -0.036077772695
16.940000000000 -0.035732134952
16.960000000000 -0.035378277908
16.980000000000 -0.034970085675
17.000000000000 -0.034466665050
17.020000000000 -0.033833208617
17.040000000000 -0.033042660902
17.060000000000 -0.032081814787
17.080000000000 -0.030961285861
17.100000000000 -0.029724087306
17.120000000000 -0.028445440026
17.140000000000 -0.027218874564
17.160000000000 -0.026129970732
17.180000000000 -0.025226230339
17.200000000000 -0.024495696197
17.220000000000 -0.023865306313
17.240000000000 -0.023222642405
17.260000000000 -0.022454688814
17.280000000000 -0.021489089460
17.300000000000 -0.020321211649
17.320000000000 -0.019015503988
17.340000000000 -0.017680145931
17.360000000000 -0.016425226224
17.380000000000 -0.015321605199
17.400000000000 -0.014377086271
17.420000000000 -0.013538818166
17.440000000000 -0.012719501878
17.460000000000 -0.011835100214
17.480000000000 -0.010837653016
17.500000000000 -0.009730036454
17.520000000000 -0.008558245658
17.540000000000 -0.007386809026
17.560000000000 -0.006269700334
17.580000000000 -0.005229812874
17.600000000000 -0.004254861049
17.620000000000 -0.003309331444
17.640000000000 -0.002354859628
17.660000000000 -0.001368428901
17.680000000000 -0.000350093096
17.700000000000 0.000682030593
17.720000000000 0.001705175940
17.740000000000 0.002705544851
17.760000000000 0.003684451700
17.780000000000 0.004653736837
17.800000000000 0.005623122111
17.820000000000 0.006586628107
17.840000000000 0.007515971986
17.860000000000 0.008365669804
17.880000000000 0.009088935247
17.900000000000 0.009658064735
17.920000000000 0.010080343372
17.940000000000 0.010401833870
17.960000000000 0.010696171387
17.980000000000 0.011041643685
18.000000000000 0.011494785270
18.020000000000 0.012070402375
18.040000000000 0.012735695957
18.060000000000 0.013420886202
18.080000000000 0.014042559902
18.100000000000 0.014531262021
18.120000000000 0.014853400416
18.140000000000 0.015019809228
18.160000000000 0.015078383257
18.180000000000 0.015094094822
18.200000000000 0.015124220735
18.220000000000 0.015198097410
18.240000000000 0.015308712312
18.260000000000 0.015418772000
18.280000000000 0.015478377170
18.300000000000 0.015447170942
18.320000000000 0.015312373025
18.340000000000 0.015095926490
18.360000000000 0.014848267443
18.380000000000 0.014631270700
18.400000000000 0.014496799437
18.420000000000 0.014468609736
18.440000000000 0.014533803774
18.460000000000 0.014646376405
18.480000000000 0.014741165734
18.500000000000 0.014753264537
18.520000000000 0.014636679164
18.540000000000 0.014376865795
18.560000000000 0.013994087203
18.580000000000 0.013537314606
18.600000000000 0.013070771253
18.620000000000 0.012656726373
18.640000000000 0.012338774151
18.660000000000 0.012129732838
18.680000000000 0.012007551366
18.700000000000 0.011921121851
18.720000000000 0.011805577746
18.740000000000 0.011603744588
18.760000000000 0.011287677876
18.780000000000 0.010872861465
18.800000000000 0.010418751528
18.820000000000 0.010013264218
18.840000000000 0.009744597299
18.860000000000 0.009669355233
18.880000000000 0.009788799253
18.900000000000 0.010043389543
18.920000000000 0.010329609083
18.940000000000 0.010534431582
18.960000000000 0.010575218736
18.980000000000 0.010429759374
19.000000000000 0.010144360601
19.020000000000 0.009816431106
19.040000000000 0.009558410363
19.060000000000 0.009457657774
19.080000000000 0.009548462195
19.100000000000 0.009806817811
19.120000000000 0.010168438870
19.140000000000 0.010560294608
19.160000000000 0.010930473845
19.180000000000 0.011262988102
19.200000000000 0.011572264768
19.220000000000 0.011882534447
19.240000000000 0.012204865434
19.260000000000 0.012525421832
19.280000000000 0.012812144116
19.300000000000 0.013036671368
19.320000000000 0.013199297783
19.340000000000 0.013341926476
19.360000000000 0.013539178989
19.380000000000 0.013868784911
19.400000000000 0.014373745101
19.420000000000 0.015034647902
19.440000000000 0.015767485973
19.460000000000 0.016451254162
19.480000000000 0.016975478738
19.500000000000 0.017287417065
19.520000000000 0.017417287614
19.540000000000 0.017468709423
19.560000000000 0.017576830977
19.580000000000 0.017851438816
19.600000000000 0.018329687308
19.620000000000 0.018959355208
19.640000000000 0.019620223467
19.660000000000 0.020174295625
19.680000000000 0.020522868453
19.700000000000 0.020645710246
19.720000000000 0.020605983958
19.740000000000 0.020520074461
19.760000000000 0.020506926777
19.780000000000 0.020639852452
19.800000000000 0.020921459578
19.820000000000 0.021290886349
19.840000000000 0.021657529892
19.860000000000 0.021944005853
19.880000000000 0.022118220902
19.900000000000 0.022200993673
19.920000000000 0.022247985064
19.940000000000 0.022316672076
19.960000000000 0.022435147907
19.980000000000 0.022587253475
20.000000000000 0.022719660718
20.020000000000 0.022765780535
20.040000000000 0.022674030910
20.060000000000 0.022427277829
20.080000000000 0.022045875118
20.100000000000 0.021575322130
20.120000000000 0.021066602032
20.140000000000 0.020559424603
20.160000000000 0.020075333185
20.180000000000 0.019621252811
20.200000000000 0.019198290667
20.220000000000 0.018808534107
20.240000000000 0.018455042274
20.260000000000 0.018135432264
20.280000000000 0.017834177431
20.300000000000 0.017520113097
20.320000000000 0.017152830218
20.340000000000 0.016696241272
20.360000000000 0.016132787582
20.380000000000 0.015470452667
20.400000000000 0.014737970896
20.420000000000 0.013969837842
20.440000000000 0.013188604507
20.460000000000 0.012394120148
20.480000000000 0.011566363800
20.500000000000 0.010681528404
20.520000000000 0.009733590239
20.540000000000 0.008749692482
20.560000000000 0.007789665984
20.580000000000 0.006927319238
20.600000000000 0.006220356457
20.620000000000 0.005682327326
20.640000000000 0.005270368802
20.660000000000 0.004896091545
20.680000000000 0.004456563354
20.700000000000 0.003872821461
20.720000000000 0.003119337904
20.740000000000 0.002231475666
20.760000000000 0.001287693045
20.780000000000 0.000374600708
20.800000000000 -0.000449375343
20.820000000000 -0.001175632996
20.840000000000 -0.001843360579
20.860000000000 -0.002516022662
20.880000000000 -0.003248450471
20.900000000000 -0.004060565198
20.920000000000 -0.004929972677
20.940000000000 -0.005806099857
20.960000000000 -0.006637917762
20.980000000000 -0.007400791281
21.000000000000 -0.008108733620
21.020000000000 -0.008805880297
21.040000000000 -0.009541566372
21.060000000000 -0.010341753420
21.080000000000 -0.011191567562
21.100000000000 -0.012038355079
21.120000000000 -0.012814537541
21.140000000000 -0.013469610126
21.160000000000 -0.013995774439
21.180000000000 -0.014434382713
21.200000000000 -0.014859390879
21.220000000000 -0.015345075144
21.240000000000 -0.015933026660
21.260000000000 -0.016614101461
21.280000000000 -0.017334143715
21.300000000000 -0.018021100913
21.320000000000 -0.018620901057
21.340000000000 -0.019125056007
21.360000000000 -0.019576556203
21.380000000000 -0.020050626574
21.400000000000 -0.020618690243
21.420000000000 -0.021311944638
21.440000000000 -0.022101513263
21.460000000000 -0.022904888707
21.480000000000 -0.023616629321
21.500000000000 -0.024150375810
21.520000000000 -0.024474151327
21.540000000000 -0.024623847809
21.560000000000 -0.024689354494
21.580000000000 -0.024779569237
21.600000000000 -0.024981275318
21.620000000000 -0.025328819677
21.640000000000 -0.025796121692
21.660000000000 -0.026312515251
21.680000000000 -0.026793944428
21.700000000000 -0.027175468017
21.720000000000 -0.027431986649
21.740000000000 -0.027580600255
21.760000000000 -0.027666608547
21.780000000000 -0.027741783251
21.800000000000 -0.027845366847
21.820000000000 -0.027995016445
21.840000000000 -0.028188801169
21.860000000000 -0.028413758705
21.880000000000 -0.028654215909
21.900000000000 -0.028894905897
21.920000000000 -0.029118425397
21.940000000000 -0.029300946351
21.960000000000 -0.029411703089
21.980000000000 -0.029419638227
22.000000000000 -0.029305896837
22.020000000000 -0.029076326565
22.040000000000 -0.028766532986
22.060000000000 -0.028434621189
22.080000000000 -0.028142524148
22.100000000000 -0.027932926559
22.120000000000 -0.027811975848
22.140000000000 -0.027746271748
22.160000000000 -0.027676504593
22.180000000000 -0.027542354154
22.200000000000 -0.027307661364
22.220000000000 -0.026974357110
22.240000000000 -0.026578678062
22.260000000000 -0.026171547500
22.280000000000 -0.025792635977
22.300000000000 -0.025450740847
22.320000000000 -0.025120065923
22.340000000000 -0.024754116810
22.360000000000 -0.024310079437
22.380000000000 -0.023771148531
22.400000000000 -0.023155138720
22.420000000000 -0.022504578631
22.440000000000 -0.021863039220
22.460000000000 -0.021249883486
22.480000000000 -0.020647044069
22.500000000000 -0.020005843440
22.520000000000 -0.019271802232
22.540000000000 -0.018415764752
22.560000000000 -0.017455449703
22.580000000000 -0.016455175516
22.600000000000 -0.015501648284
22.620000000000 -0.014665637540
22.640000000000 -0.013967247103
22.660000000000 -0.013362151805
22.680000000000 -0.012757279647
22.700000000000 -0.012050809814
22.720000000000 -0.011179360918
22.740000000000 -0.010150723131
22.760000000000 -0.009045985040
22.780000000000 -0.007988287861
22.800000000000 -0.007090739537
22.820000000000 -0.006406141838
22.840000000000 -0.005901221567
22.860000000000 -0.005467678221
22.880000000000 -0.004966076888
22.900000000000 -0.004283783799
22.920000000000 -0.003381589757
22.940000000000 -0.002308506302
22.960000000000 -0.001178357093
22.980000000000 -0.000118839624
23.000000000000 0.000784051533
23.020000000000 0.001521517017
23.040000000000 0.002161975363
23.060000000000 0.002816408262
23.080000000000 0.003585409430
23.100000000000 0.004512233803
23.120000000000 0.005562901940
23.140000000000 0.006641691741
23.160000000000 0.007634137204
23.180000000000 0.008457426972
23.200000000000 0.009095338632
23.220000000000 0.009602563354
23.240000000000 0.010077632333
23.260000000000 0.010617865697
23.280000000000 0.011277312728
23.300000000000 0.012046313034
23.320000000000 0.012860545136
23.340000000000 0.013633565655
23.360000000000 0.014296448315
23.380000000000 0.014825899227
23.400000000000 0.015248822881
23.420000000000 0.015623212851
23.440000000000 0.016006535254
23.460000000000 0.016428074888
23.480000000000 0.016878721166
23.500000000000 0.017322175128
23.520000000000 0.017720458187
23.540000000000 0.018059439919
23.560000000000 0.018360346815
23.580000000000 0.018670616057
23.600000000000 0.019038237691
23.620000000000 0.019482480738
23.640000000000 0.019976260441
23.660000000000 0.020450172242
23.680000000000 0.020817907825
23.700000000000 0.021012359291
23.720000000000 0.021016225779
23.740000000000 0.020873003677
23.760000000000 0.020672894502
23.780000000000 0.020519331457
23.800000000000 0.020490316749
23.820000000000 0.020610741419
23.840000000000 0.020846612627
23.860000000000 0.021122283601
23.880000000000 0.021352010891
23.900000000000 0.021471838736
23.920000000000 0.021459023523
23.940000000000 0.021332904350
23.960000000000 0.021139779013
23.980000000000 0.020930805247
24.000000000000 0.020743457278
24.020000000000 0.020593491492
24.040000000000 0.020478062861
24.060000000000 0.020385061478
24.080000000000 0.020301667324
24.100000000000 0.020217231514
24.120000000000 0.020120267745
24.140000000000 0.019993664886
24.160000000000 0.019813643386
24.180000000000 0.019555659929
24.200000000000 0.019205778951
24.220000000000 0.018771747533
24.240000000000 0.018286770728
24.260000000000 0.017801809582
24.280000000000 0.017367888610
24.300000000000 0.017015507633
24.320000000000 0.016740735219
24.340000000000 0.016505318041
24.360000000000 0.016251965581
24.380000000000 0.015928747781
24.400000000000 0.015511849533
24.420000000000 0.015016220992
24.440000000000 0.014489004166
24.460000000000 0.013988556998
24.480000000000 0.013558645029
24.500000000000 0.013209649464
24.520000000000 0.012915312001
24.540000000000 0.012626185438
24.560000000000 0.012293125346
24.580000000000 0.011889604316
24.600000000000 0.011422498990
24.620000000000 0.010926779962
24.640000000000 0.010447341075
24.660000000000 0.010017224957
24.680000000000 0.009642875160
24.700000000000 0.009303242004
24.720000000000 0.008962593873
24.740000000000 0.008590229023
24.760000000000 0.008177169207
24.780000000000 0.007741730585
24.800000000000 0.007321538854
24.820000000000 0.006956173074
24.840000000000 0.006668936225
24.860000000000 0.006456282751
24.880000000000 0.006289392926
24.900000000000 0.006126455942
24.920000000000 0.005929387980
24.940000000000 0.005677225674
24.960000000000 0.005370759595
24.980000000000 0.005027655962
25.000000000000 0.004671850482
25.020000000000 0.004323158130
25.040000000000 0.003991986489
25.060000000000 0.003680640428
25.080000000000 0.003388966914
25.100000000000 0.003120017034
25.120000000000 0.002881948566
25.140000000000 0.002685022313
25.160000000000 0.002535629188
25.180000000000 0.002431054729
25.200000000000 0.002358215698
25.220000000000 0.002297270579
25.240000000000 0.002228226375
25.260000000000 0.002137049152
25.280000000000 0.002018227533
25.300000000000 0.001872926081
25.320000000000 0.001704490594
25.340000000000 0.001514585502
25.360000000000 0.001302758928
25.380000000000 0.001070004305
25.400000000000 0.000824190271
25.420000000000 0.000583632564
25.440000000000 0.000375571541
25.460000000000 0.000228747085
25.480000000000 0.000162409062
25.500000000000 0.000176326090
25.520000000000 0.000246470762
25.540000000000 0.000328948526
25.560000000000 0.000371394172
25.580000000000 0.000328047509
25.600000000000 0.000173361539
25.620000000000 -0.000090257907
25.640000000000 -0.000432687540
25.660000000000 -0.000803719160
25.680000000000 -0.001145534703
25.700000000000 -0.001406701387
25.720000000000 -0.001554602279
25.740000000000 -0.001583880120
25.760000000000 -0.001519113655
25.780000000000 -0.001410584024
25.800000000000 -0.001323021527
25.820000000000 -0.001318978711
25.840000000000 -0.001440718575
25.860000000000 -0.001696282991
25.880000000000 -0.002055432661
25.900000000000 -0.002458601520
25.920000000000 -0.002837258976
25.940000000000 -0.003138879627
25.960000000000 -0.003346595871
25.980000000000 -0.003484589035
26.000000000000 -0.003605675775
26.020000000000 -0.003765443048
26.040000000000 -0.003994127194
26.060000000000 -0.004279653220
26.080000000000 -0.004571130044
26.100000000000 -0.004802917903
26.120000000000 -0.004929155287
26.140000000000 -0.004952361803
26.160000000000 -0.004930976991
26.180000000000 -0.004959595592
26.200000000000 -0.005128531715
26.220000000000 -0.005480175271
26.240000000000 -0.005982867607
26.260000000000 -0.006536483229
26.280000000000 -0.007009982232
26.300000000000 -0.007296109607
26.320000000000 -0.007359362082
26.340000000000 -0.007255027893
26.360000000000 -0.007109304580
26.380000000000 -0.007067917444
26.400000000000 -0.007235271096
26.420000000000 -0.007630990739
26.440000000000 -0.008183221254
26.460000000000 -0.008761517801
26.480000000000 -0.009234207061
26.500000000000 -0.009524123867
26.520000000000 -0.009637788847
26.540000000000 -0.009655797367
26.560000000000 -0.009690362743
26.580000000000 -0.009830958405
26.600000000000 -0.010103797910
26.620000000000 -0.010463421631
26.640000000000 -0.010818781618
26.660000000000 -0.011079749758
26.680000000000 -0.011200836919
26.700000000000 -0.011201268505
26.720000000000 -0.011152883167
26.740000000000 -0.011143268598
26.760000000000 -0.011233215034
26.780000000000 -0.011429414178
26.800000000000 -0.011684848217
26.820000000000 -0.011925110431
26.840000000000 -0.012086244775
26.860000000000 -0.012144798528
26.880000000000 -0.012125734264
26.900000000000 -0.012085707949
26.920000000000 -0.012081700075
26.940000000000 -0.012141757851
26.960000000000 -0.012252517367
26.980000000000 -0.012368734165
27.000000000000 -0.012438468025
27.020000000000 -0.012429921396
27.040000000000 -0.012345985464
27.060000000000 -0.012219884389
27.080000000000 -0.012095701864
27.100000000000 -0.012005360010
27.120000000000 -0.011954747081
27.140000000000 -0.011925831512
27.160000000000 -0.011892223679
27.180000000000 -0.011838048151
27.200000000000 -0.011768373416
27.220000000000 -0.011704644044
27.240000000000 -0.011667602268
27.260000000000 -0.011657946757
27.280000000000 -0.011646997978
27.300000000000 -0.011584598546
27.320000000000 -0.011421960887
27.340000000000 -0.011138333340
27.360000000000 -0.010757139923
27.380000000000 -0.010341706536
27.400000000000 -0.009970775765
27.420000000000 -0.009704588851
27.440000000000 -0.009557794779
27.460000000000 -0.009492765765
27.480000000000 -0.009437180266
27.500000000000 -0.009317793572
27.520000000000 -0.009094211948
27.540000000000 -0.008776398253
27.560000000000 -0.008417681264
27.580000000000 -0.008087180011
27.600000000000 -0.007835653119
27.620000000000 -0.007671754337
27.640000000000 -0.007560086166
27.660000000000 -0.007441232563
27.680000000000 -0.007262893268
27.700000000000 -0.007005958369
27.720000000000 -0.006692436520
27.740000000000 -0.006371838889
27.760000000000 -0.006093806301
27.780000000000 -0.005881650260
27.800000000000 -0.005720588842
27.820000000000 -0.005566418723
27.840000000000 -0.005369506137
27.860000000000 -0.005101032193
27.880000000000 -0.004767508302
27.900000000000 -0.004406056764
27.920000000000 -0.004063307060
27.940000000000 -0.003769467337
27.960000000000 -0.003521595836
27.980000000000 -0.003285061966
28.000000000000 -0.003012373814
28.020000000000 -0.002669200495
28.040000000000 -0.002253514958
28.060000000000 -0.001797412615
28.080000000000 -0.001350413978
28.100000000000 -0.000953035117
28.120000000000 -0.000614798384
28.140000000000 -0.000308739774
28.160000000000 0.000014125251
28.180000000000 0.000397531321
28.200000000000 0.000854103335
28.220000000000 0.001354846655
28.240000000000 0.001840315525
28.260000000000 0.002248663935
28.280000000000 0.002546844942
28.300000000000 0.002749120858
28.320000000000 0.002912978020
28.340000000000 0.003113618266
28.360000000000 0.003408897316
28.380000000000 0.003811525338
28.400000000000 0.004282032601
28.420000000000 0.004746052924
28.440000000000 0.005127804944
28.460000000000 0.005383990452
28.480000000000 0.005522372336
28.500000000000 0.005596889197
28.520000000000 0.005682454443
28.540000000000 0.005841999503
28.560000000000 0.006101353328
28.580000000000 0.006442969484
28.600000000000 0.006819861157
28.620000000000 0.007181322087
28.640000000000 0.007496903088
28.660000000000 0.007766970995
28.680000000000 0.008015733153
28.700000000000 0.008271810816
28.720000000000 0.008547582495
28.740000000000 0.008828622865
28.760000000000 0.009078827510
28.780000000000 0.009258382515
28.800000000000 0.009345011689
28.820000000000 0.009347303580
28.840000000000 0.009303084142
28.860000000000 0.009263497202
28.880000000000 0.009270695149
28.900000000000 0.009340173582
28.920000000000 0.009456317396
28.940000000000 0.009583022193
28.960000000000 0.009683758068
28.980000000000 0.009740900056
29.000000000000 0.009764737160
29.020000000000 0.009787865713
29.040000000000 0.009847942986
29.060000000000 0.009967410709
29.080000000000 0.010140104747
29.100000000000 0.010331157872
29.120000000000 0.010490140690
29.140000000000 0.010571181990
29.160000000000 0.010550808062
29.180000000000 0.010435711194
29.200000000000 0.010257672171
29.220000000000 0.010058856647
29.240000000000 0.009874803461
29.260000000000 0.009722826704
29.280000000000 0.009600335476
29.300000000000 0.009492521413
29.320000000000 0.009384504425
29.340000000000 0.009271376954
29.360000000000 0.009161221538
29.380000000000 0.009070060487
29.400000000000 0.009011797288
29.420000000000 0.008988541554
29.440000000000 0.008986278640
29.460000000000 0.008978048104
29.480000000000 0.008933125773
29.500000000000 0.008827960197
29.520000000000 0.008654022252
29.540000000000 0.008419407393
29.560000000000 0.008144028913
29.580000000000 0.007851064086
29.600000000000 0.007558675586
29.620000000000 0.007275432806
29.640000000000 0.007000762714
29.660000000000 0.006729287501
29.680000000000 0.006456252749
29.700000000000 0.006181119153
29.720000000000 0.005907703211
29.740000000000 0.005641244070
29.760000000000 0.005384411080
29.780000000000 0.005134756654
29.800000000000 0.004885273333
29.820000000000 0.004628006307
29.840000000000 0.004358981654
29.860000000000 0.004081884951
29.880000000000 0.003808379454
29.900000000000 0.003554480713
29.920000000000 0.003334283156
29.940000000000 0.003153670765
29.960000000000 0.003006794279
29.980000000000 0.002876967544
30.000000000000 0.002741728542
30.020000000000 0.002579996809
30.040000000000 0.002378373597
30.060000000000 0.002134084730
30.080000000000 0.001853645891
30.100000000000 0.001548292376
30.120000000000 0.001228630168
30.140000000000 0.000901158796
30.160000000000 0.000568202277
30.180000000000 0.000230918777
30.200000000000 -0.000106616599
30.220000000000 -0.000434881473
30.240000000000 -0.000739766258
30.260000000000 -0.001006832555
30.280000000000 -0.001227033731
30.300000000000 -0.001400942503
30.320000000000 -0.001539049579
30.340000000000 -0.001657590905
30.360000000000 -0.001771717942
30.380000000000 -0.001889412555
30.400000000000 -0.002009437201
30.420000000000 -0.002124697940
30.440000000000 -0.002229531989
30.460000000000 -0.002327056386
30.480000000000 -0.002432162012
30.500000000000 -0.002567516940
30.520000000000 -0.002753390893
30.540000000000 -0.002995617628
30.560000000000 -0.003277752636
30.580000000000 -0.003562341384
30.600000000000 -0.003802413452
30.620000000000 -0.003959447754
30.640000000000 -0.004020398894
30.660000000000 -0.004005850141
30.680000000000 -0.003964537506
30.700000000000 -0.003955214007
30.720000000000 -0.004022628797
30.740000000000 -0.004177594747
30.760000000000 -0.004390056671
30.780000000000 -0.004598966045
30.800000000000 -0.004735697686
30.820000000000 -0.004751777176
30.840000000000 -0.004639510311
30.860000000000 -0.004436786274
30.880000000000 -0.004213795585
30.900000000000 -0.004046902740
30.920000000000 -0.003990212199
30.940000000000 -0.004056201621
30.960000000000 -0.004212867891
30.980000000000 -0.004397907958
31.000000000000 -0.004543554340
31.020000000000 -0.004601713023
31.040000000000 -0.004559544950
31.060000000000 -0.004440144744
31.080000000000 -0.004289367148
31.100000000000 -0.004155331923
31.120000000000 -0.004069487225
31.140000000000 -0.004036613797
31.160000000000 -0.004036778059
31.180000000000 -0.004037084202
31.200000000000 -0.004007347269
31.220000000000 -0.003932888756
31.240000000000 -0.003819593764
31.260000000000 -0.003690025001
31.280000000000 -0.003573068299
31.300000000000 -0.003491819464
31.320000000000 -0.003454545716
31.340000000000 -0.003451840257
31.360000000000 -0.003460471376
31.380000000000 -0.003452007945
31.400000000000 -0.003402887235
31.420000000000 -0.003302462952
31.440000000000 -0.003156532454
31.460000000000 -0.002985420684
31.480000000000 -0.002817379120
31.500000000000 -0.002679421544
31.520000000000 -0.002588474083
31.540000000000 -0.002545688101
31.560000000000 -0.002535901260
31.580000000000 -0.002532671639
31.600000000000 -0.002507435875
31.620000000000 -0.002439754611
31.640000000000 -0.002324951139
31.660000000000 -0.002176132469
31.680000000000 -0.002019528341
31.700000000000 -0.001884649403
31.720000000000 -0.001792934764
31.740000000000 -0.001749359522
31.760000000000 -0.001740441756
31.780000000000 -0.001739548455
31.800000000000 -0.001717383173
31.820000000000 -0.001653357090
31.840000000000 -0.001543191055
31.860000000000 -0.001399757238
31.880000000000 -0.001247110715
31.900000000000 -0.001110551761
31.920000000000 -0.001007092863
31.940000000000 -0.000940223783
31.960000000000 -0.000900677627
31.980000000000 -0.000872106148
32.000000000000 -0.000838524967
32.020000000000 -0.000790015131
32.040000000000 -0.000724518650
32.060000000000 -0.000645824865
32.080000000000 -0.000559774326
32.100000000000 -0.000471309703
32.120000000000 -0.000384043608
32.140000000000 -0.000302125759
32.160000000000 -0.000232520131
32.180000000000 -0.000185358999
32.200000000000 -0.000171134001
32.220000000000 -0.000195528381
32.240000000000 -0.000254510074
32.260000000000 -0.000332765162
32.280000000000 -0.000407225253
32.300000000000 -0.000454888354
32.320000000000 -0.000461656856
32.340000000000 -0.000427906672
32.360000000000 -0.000367673449
32.380000000000 -0.000301295547
32.400000000000 -0.000244700464
32.420000000000 -0.000200544607
32.440000000000 -0.000155947250
32.460000000000 -0.000088626250
32.480000000000 0.000020861574
32.500000000000 0.000176367828
32.520000000000 0.000359258949
32.540000000000 0.000531455269
32.560000000000 0.000648032680
32.580000000000 0.000674461320
32.600000000000 0.000601076876
32.620000000000 0.000448256744
32.640000000000 0.000259719058
32.660000000000 0.000086614312
32.680000000000 -0.000030794437
32.700000000000 -0.000076013468
32.720000000000 -0.000058455393
32.740000000000 -0.000004489928
32.760000000000 0.000057868996
32.780000000000 0.000113132276
32.800000000000 0.000164642631
32.820000000000 0.000230259261
32.840000000000 0.000329874735
32.860000000000 0.000471191125
32.880000000000 0.000641023217
32.900000000000 0.000806728114
32.920000000000 0.000927486950
32.940000000000 0.000970433752
32.960000000000 0.000924295294
32.980000000000 0.000804358222
33.000000000000 0.000646621935
33.020000000000 0.000493963648
33.040000000000 0.000380665115
33.060000000000 0.000322098017
33.080000000000 0.000313616655
33.100000000000 0.000338179627
33.120000000000 0.000378152168
33.140000000000 0.000425077450
33.160000000000 0.000482667710
33.180000000000 0.000562018929
33.200000000000 0.000672150300
33.220000000000 0.000811341929
33.240000000000 0.000964227963
33.260000000000 0.001106509143
33.280000000000 0.001215089514
33.300000000000 0.001278505366
33.320000000000 0.001302211082
33.340000000000 0.001305788810
33.360000000000 0.001313205325
33.380000000000 0.001340804114
33.400000000000 0.001388981760
33.420000000000 0.001441790218
33.440000000000 0.001474851075
33.460000000000 0.001467866178
33.480000000000 0.001415696521
33.500000000000 0.001332612130
33.520000000000 0.001247585097
33.540000000000 0.001192794886
33.560000000000 0.001190725498
33.580000000000 0.001245795059
33.600000000000 0.001344132823
33.620000000000 0.001461103867
33.640000000000 0.001572498381
33.660000000000 0.001663772765
33.680000000000 0.001733062867
33.700000000000 0.001787135213
33.720000000000 0.001833185550
33.740000000000 0.001871493191
33.760000000000 0.001893321245
33.780000000000 0.001885462704
33.800000000000 0.001839054984
33.820000000000 0.001757725168
33.840000000000 0.001660169981
33.860000000000 0.001574959725
33.880000000000 0.001529345679
33.900000000000 0.001537104644
33.920000000000 0.001591273301
33.940000000000 0.001665529628
33.960000000000 0.001723967159
33.980000000000 0.001735057372
34.000000000000 0.001683659377
34.020000000000 0.001575952456
34.040000000000 0.001435587685
34.060000000000 0.001293438017
34.080000000000 0.001176039590
34.100000000000 0.001097882420
34.120000000000 0.001060243353
34.140000000000 0.001055676692
34.160000000000 0.001074530858
34.180000000000 0.001109363593
34.200000000000 0.001155026245
34.220000000000 0.001205283554
34.240000000000 0.001249267227
34.260000000000 0.001271348204
34.280000000000 0.001255905583
34.300000000000 0.001195137285
34.320000000000 0.001095472291
34.340000000000 0.000977992273
34.360000000000 0.000870955221
34.380000000000 0.000796821513
34.400000000000 0.000759828871
34.420000000000 0.000740975346
34.440000000000 0.000704408029
34.460000000000 0.000613760072
34.480000000000 0.000451533337
34.500000000000 0.000232068244
34.520000000000 0.000000637938
34.540000000000 -0.000182780570
34.560000000000 -0.000269106749
34.580000000000 -0.000243961914
34.600000000000 -0.000138250325
34.620000000000 -0.000019306442
34.640000000000 0.000035015302
34.660000000000 -0.000031137981
34.680000000000 -0.000226628877
34.700000000000 -0.000507376240
34.720000000000 -0.000792902890
34.740000000000 -0.000998931020
34.760000000000 -0.001072270568
34.780000000000 -0.001012960402
34.800000000000 -0.000874039147
34.820000000000 -0.000739061849
34.840000000000 -0.000687172114
34.860000000000 -0.000760839780
34.880000000000 -0.000949951445
34.900000000000 -0.001198529971
34.920000000000 -0.001430379451
34.940000000000 -0.001581901581
34.960000000000 -0.001627716153
34.980000000000 -0.001588502604
35.000000000000 -0.001518727169
35.020000000000 -0.001480786024
35.040000000000 -0.001517633694
35.060000000000 -0.001635907299
35.080000000000 -0.001806234951
35.100000000000 -0.001979477015
35.120000000000 -0.002110736924
35.140000000000 -0.002180058909
35.160000000000 -0.002200824567
35.180000000000 -0.002212732526
35.200000000000 -0.002263106630
35.220000000000 -0.002385115513
35.240000000000 -0.002582378128
35.260000000000 -0.002826273675
35.280000000000 -0.003066673323
35.300000000000 -0.003251251312
35.320000000000 -0.003345278846
35.340000000000 -0.003344001503
35.360000000000 -0.003273028746
35.380000000000 -0.003177103131
35.400000000000 -0.003102147409
35.420000000000 -0.003077895276
35.440000000000 -0.003107890957
35.460000000000 -0.003170518416
35.480000000000 -0.003230259333
35.500000000000 -0.003254300138
35.520000000000 -0.003227471384
35.540000000000 -0.003159155451
35.560000000000 -0.003079056011
35.580000000000 -0.003023385178
35.600000000000 -0.003017262020
35.620000000000 -0.003061131791
35.640000000000 -0.003127776167
35.660000000000 -0.003172242142
35.680000000000 -0.003151352473
35.700000000000 -0.003044756866
35.720000000000 -0.002867959700
35.740000000000 -0.002670443852
35.760000000000 -0.002518116130
35.780000000000 -0.002466377491
35.800000000000 -0.002535005846
35.820000000000 -0.002696258588
35.840000000000 -0.002882616527
35.860000000000 -0.003012245218
35.880000000000 -0.003022127546
35.900000000000 -0.002894703440
35.920000000000 -0.002665937254
35.940000000000 -0.002410468472
35.960000000000 -0.002209643663
35.980000000000 -0.002116201849
36.000000000000 -0.002131375772
36.020000000000 -0.002204979967
36.040000000000 -0.002258810167
36.060000000000 -0.002222976855
36.080000000000 -0.002068628025
36.100000000000 -0.001821901451
36.120000000000 -0.001552426599
36.140000000000 -0.001341445301
36.160000000000 -0.001244177796
36.180000000000 -0.001263894906
36.200000000000 -0.001349845165
36.220000000000 -0.001420144086
36.240000000000 -0.001399116701
36.260000000000 -0.001251857789
36.280000000000 -0.001000106253
36.300000000000 -0.000712277708
36.320000000000 -0.000472511964
36.340000000000 -0.000343200332
36.360000000000 -0.000338183583
36.380000000000 -0.000418489580
36.400000000000 -0.000511768872
36.420000000000 -0.000545640809
36.440000000000 -0.000479126288
36.460000000000 -0.000317899495
36.480000000000 -0.000107247230
36.500000000000 0.000092707118
36.520000000000 0.000236908724
36.540000000000 0.000316057126
36.560000000000 0.000358825080
36.580000000000 0.000415565363
36.600000000000 0.000532201445
36.620000000000 0.000727163407
36.640000000000 0.000982102220
36.660000000000 0.001250066298
36.680000000000 0.001476483985
36.700000000000 0.001622676408
36.720000000000 0.001681175073
36.740000000000 0.001676658240
36.760000000000 0.001653321445
36.780000000000 0.001655480409
36.800000000000 0.001710484226
36.820000000000 0.001820920507
36.840000000000 0.001968090288
36.860000000000 0.002123499891
36.880000000000 0.002262122542
36.900000000000 0.002371498491
36.920000000000 0.002453701852
36.940000000000 0.002520959245
36.960000000000 0.002588320502
36.980000000000 0.002667217537
37.000000000000 0.002762259537
37.020000000000 0.002871404705
37.040000000000 0.002988064141
37.060000000000 0.003103443251
37.080000000000 0.003208283793
37.100000000000 0.003294256122
37.120000000000 0.003355683308
37.140000000000 0.003391758462
37.160000000000 0.003408399596
37.180000000000 0.003418245494
37.200000000000 0.003437705755
37.220000000000 0.003481418400
37.240000000000 0.003556168910
37.260000000000 0.003657200858
37.280000000000 0.003769175667
37.300000000000 0.003871955835
37.320000000000 0.003948902857
37.340000000000 0.003993861285
37.360000000000 0.004013387182
37.380000000000 0.004023015289
37.400000000000 0.004039348449
37.420000000000 0.004071916199
37.440000000000 0.004118886898
37.460000000000 0.004168695274
37.480000000000 0.004206514004
37.500000000000 0.004221942460
37.520000000000 0.004213715757
37.540000000000 0.004188986787
37.560000000000 0.004157849715
37.580000000000 0.004126516214
37.600000000000 0.004093358639
37.620000000000 0.004050391115
37.640000000000 0.003989542660
37.660000000000 0.003910088288
37.680000000000 0.003822588708
37.700000000000 0.003746342715
37.720000000000 0.003700889984
37.740000000000 0.003695620935
37.760000000000 0.003723066715
37.780000000000 0.003759977972
37.800000000000 0.003776474615
37.820000000000 0.003749303321
37.840000000000 0.003672834862
37.860000000000 0.003562231537
37.880000000000 0.003446918175
37.900000000000 0.003357254875
37.920000000000 0.003310695993
37.940000000000 0.003303976595
37.960000000000 0.003314864939
37.980000000000 0.003312321582
38.000000000000 0.003269939079
38.020000000000 0.003176297160
38.040000000000 0.003037870790
38.060000000000 0.002874160919
38.080000000000 0.002708539347
38.100000000000 0.002559889074
38.120000000000 0.002438786974
38.140000000000 0.002348702475
38.160000000000 0.002289536633
38.180000000000 0.002259722631
38.200000000000 0.002254694627
38.220000000000 0.002262769928
38.240000000000 0.002262248978
38.260000000000 0.002223858558
38.280000000000 0.002119983725
38.300000000000 0.001937754366
38.320000000000 0.001689520205
38.340000000000 0.001413945533
38.360000000000 0.001164653263
38.380000000000 0.000989564255
38.400000000000 0.000909666065
38.420000000000 0.000907693611
38.440000000000 0.000933625038
38.460000000000 0.000926231293
38.480000000000 0.000841741595
38.500000000000 0.000676209969
38.520000000000 0.000470060550
38.540000000000 0.000291150281
38.560000000000 0.000203015264
38.580000000000 0.000232744223
38.600000000000 0.000354085788
38.620000000000 0.000494958288
38.640000000000 0.000567247247
38.660000000000 0.000505946484
38.680000000000 0.000299634671
38.700000000000 -0.000002333680
38.720000000000 -0.000310059024
38.740000000000 -0.000532146617
38.760000000000 -0.000616024601
38.780000000000 -0.000571146469
38.800000000000 -0.000464457629
38.820000000000 -0.000390241821
38.840000000000 -0.000428175141
38.860000000000 -0.000608619481
38.880000000000 -0.000900533369
38.900000000000 -0.001226733021
38.920000000000 -0.001498718316
38.940000000000 -0.001654749964
38.960000000000 -0.001684129867
38.980000000000 -0.001627710739
39.000000000000 -0.001555908748
39.020000000000 -0.001535509661
39.040000000000 -0.001600809107
39.060000000000 -0.001741534302
39.080000000000 -0.001911501220
39.100000000000 -0.002052378295
39.120000000000 -0.002120729453
39.140000000000 -0.002106212619
39.160000000000 -0.002033960782
39.180000000000 -0.001951840783
39.200000000000 -0.001909701479
39.220000000000 -0.001940156001
39.240000000000 -0.002048368316
39.260000000000 -0.002213374818
39.280000000000 -0.002398380449
39.300000000000 -0.002564530470
39.320000000000 -0.002682709160
39.340000000000 -0.002740173444
39.360000000000 -0.002741613219
39.380000000000 -0.002706045221
39.400000000000 -0.002661276469
39.420000000000 -0.002637067813
39.440000000000 -0.002657625113
39.460000000000 -0.002734341865
39.480000000000 -0.002860645284
39.500000000000 -0.003011438157
39.520000000000 -0.003148977332
39.540000000000 -0.003234789821
39.560000000000 -0.003244199580
39.580000000000 -0.003177815883
39.600000000000 -0.003064435476
39.620000000000 -0.002952724696
39.640000000000 -0.002893774907
39.660000000000 -0.002921027147
39.680000000000 -0.003035898580
39.700000000000 -0.003205559780
39.720000000000 -0.003374336250
39.740000000000 -0.003484343075
39.760000000000 -0.003496941909
39.780000000000 -0.003406339279
39.800000000000 -0.003240234249
39.820000000000 -0.003048125968
39.840000000000 -0.002882990417
39.860000000000 -0.002784210696
39.880000000000 -0.002768110785
39.900000000000 -0.002828266328
39.920000000000 -0.002943222508
39.940000000000 -0.003086581018
39.960000000000 -0.003234678673
39.980000000000 -0.003369675830
40.000000000000 -0.003479021831
40.020000000000 -0.003554082614
40.040000000000 -0.003590297200
40.060000000000 -0.003589116066
40.080000000000 -0.003559755222
40.100000000000 -0.003518097662
40.120000000000 -0.003481516411
40.140000000000 -0.003461184155
40.160000000000 -0.003455793123
40.180000000000 -0.003450839958
40.200000000000 -0.003425205443
40.220000000000 -0.003362761572
40.240000000000 -0.003263368033
40.260000000000 -0.003146985393
40.280000000000 -0.003047492686
40.300000000000 -0.002997979706
40.320000000000 -0.003014162291
40.340000000000 -0.003084406875
40.360000000000 -0.003172322662
40.380000000000 -0.003231922122
40.400000000000 -0.003228834241
40.420000000000 -0.003157379840
40.440000000000 -0.003044628496
40.460000000000 -0.002938518998
40.480000000000 -0.002884957640
40.500000000000 -0.002904603859
40.520000000000 -0.002980757640
40.540000000000 -0.003064796323
40.560000000000 -0.003097254132
40.580000000000 -0.003034970012
40.600000000000 -0.002871582420
40.620000000000 -0.002641662832
40.640000000000 -0.002406529131
40.660000000000 -0.002228463695
40.680000000000 -0.002145403861
40.700000000000 -0.002157585059
40.720000000000 -0.002231496657
40.740000000000 -0.002318018055
40.760000000000 -0.002375026366
40.780000000000 -0.002383325479
40.800000000000 -0.002348963324
40.820000000000 -0.002292493878
40.840000000000 -0.002232500164
40.860000000000 -0.002173218006
40.880000000000 -0.002103200762
40.900000000000 -0.002005357231
40.920000000000 -0.001872041538
40.940000000000 -0.001715815518
40.960000000000 -0.001568716296
40.980000000000 -0.001469167735
41.000000000000 -0.001442678822
41.020000000000 -0.001486372382
41.040000000000 -0.001566002204
41.060000000000 -0.001628055655
41.080000000000 -0.001621898262
41.100000000000 -0.001521660200
41.120000000000 -0.001337445911
41.140000000000 -0.001110568283
41.160000000000 -0.000895264308
41.180000000000 -0.000735792827
41.200000000000 -0.000649709635
41.220000000000 -0.000624601705
41.240000000000 -0.000628571922
41.260000000000 -0.000627973721
41.280000000000 -0.000602779127
41.300000000000 -0.000551993604
41.320000000000 -0.000487439905
41.340000000000 -0.000420738723
41.360000000000 -0.000351894039
41.380000000000 -0.000266663543
41.400000000000 -0.000144604804
41.420000000000 0.000026710717
41.440000000000 0.000239768486
41.460000000000 0.000465159839
41.480000000000 0.000662125733
41.500000000000 0.000797218175
41.520000000000 0.000861793166
41.540000000000 0.000878870419
41.560000000000 0.000894759071
41.580000000000 0.000958417009
41.600000000000 0.001097961033
41.620000000000 0.001305719298
41.640000000000 0.001539560304
41.660000000000 0.001740612087
41.680000000000 0.001859586340
41.700000000000 0.001879617471
41.720000000000 0.001824951842
41.740000000000 0.001751322179
41.760000000000 0.001722305217
41.780000000000 0.001782358639
41.800000000000 0.001938583735
41.820000000000 0.002159038484
41.840000000000 0.002387752229
41.860000000000 0.002569138487
41.880000000000 0.002670690545
41.900000000000 0.002694246630
41.920000000000 0.002671798734
41.940000000000 0.002648935144
41.960000000000 0.002664218419
41.980000000000 0.002733883406
42.000000000000 0.002848031595
42.020000000000 0.002978813498
42.040000000000 0.003095717704
42.060000000000 0.003180412340
42.080000000000 0.003234541188
42.100000000000 0.003277655359
42.120000000000 0.003337075181
42.140000000000 0.003434797587
42.160000000000 0.003577301279
42.180000000000 0.003752270520
42.200000000000 0.003932987374
42.220000000000 0.004088005134
42.240000000000 0.004191970517
42.260000000000 0.004233566580
42.280000000000 0.004218124825
42.300000000000 0.004164631149
42.320000000000 0.004098733626
42.340000000000 0.004044393213
42.360000000000 0.004016882988
42.380000000000 0.004019140483
42.400000000000 0.004042337481
42.420000000000 0.004070262437
42.440000000000 0.004085978582
42.460000000000 0.004078482407
42.480000000000 0.004046990732
42.500000000000 0.004001181277
42.520000000000 0.003957114308
42.540000000000 0.003930259358
42.560000000000 0.003928381277
42.580000000000 0.003947355397
42.600000000000 0.003971981599
42.620000000000 0.003981829625
42.640000000000 0.003959894541
42.660000000000 0.003900405392
42.680000000000 0.003812263843
42.700000000000 0.003716354879
42.720000000000 0.003637644154
42.740000000000 0.003595344596
42.760000000000 0.003595368963
42.780000000000 0.003628301070
42.800000000000 0.003673643171
42.820000000000 0.003708284999
42.840000000000 0.003715320105
42.860000000000 0.003689358095
42.880000000000 0.003636299094
42.900000000000 0.003568230420
42.920000000000 0.003496348649
42.940000000000 0.003425533585
42.960000000000 0.003353116368
42.980000000000 0.003272108526
43.000000000000 0.003176876123
43.020000000000 0.003068092227
43.040000000000 0.002954305068
43.060000000000 0.002849287661
43.080000000000 0.002766506068
43.100000000000 0.002713450969
43.120000000000 0.002688552954
43.140000000000 0.002682032263
43.160000000000 0.002680074176
43.180000000000 0.002670178570
43.200000000000 0.002645141677
43.220000000000 0.002604003792
43.240000000000 0.002549916426
43.260000000000 0.002486395946
43.280000000000 0.002414106849
43.300000000000 0.002329894476
43.320000000000 0.002228555680
43.340000000000 0.002106445228
43.360000000000 0.001965122476
43.380000000000 0.001813204696
43.400000000000 0.001665347740
43.420000000000 0.001538434711
43.440000000000 0.001446133191
43.460000000000 0.001393613859
43.480000000000 0.001374262333
43.500000000000 0.001369713259
43.520000000000 0.001353648186
43.540000000000 0.001298718740
43.560000000000 0.001184902985
43.580000000000 0.001006847539
43.600000000000 0.000777602882
43.620000000000 0.000526870920
43.640000000000 0.000293459609
43.660000000000 0.000113707235
43.680000000000 0.000009468845
43.700000000000 -0.000019996206
43.720000000000 0.000001201733
43.740000000000 0.000033112144
43.760000000000 0.000033530165
43.780000000000 -0.000027240243
43.800000000000 -0.000156130854
43.820000000000 -0.000335679770
43.840000000000 -0.000531712371
43.860000000000 -0.000707141450
43.880000000000 -0.000836114276
43.900000000000 -0.000912672270
43.920000000000 -0.000950630613
43.940000000000 -0.000975376303
43.960000000000 -0.001011849434
43.980000000000 -0.001074423956
44.000000000000 -0.001163080986
44.020000000000 -0.001266887633
44.040000000000 -0.001372102977
44.060000000000 -0.001470116381
44.080000000000 -0.001560931226
44.100000000000 -0.001650697463
44.120000000000 -0.001745308360
44.140000000000 -0.001844358066
44.160000000000 -0.001939518680
44.180000000000 -0.002018734836
44.200000000000 -0.002074017228
44.220000000000 -0.002108112184
44.240000000000 -0.002135471092
44.260000000000 -0.002175860410
44.280000000000 -0.002243190096
44.300000000000 -0.002335384360
44.320000000000 -0.002431425484
44.340000000000 -0.002498585793
44.360000000000 -0.002507680412
44.380000000000 -0.002449523700
44.400000000000 -0.002344196302
44.420000000000 -0.002237356428
44.440000000000 -0.002183682029
44.460000000000 -0.002223896678
44.480000000000 -0.002365549289
44.500000000000 -0.002576761144
44.520000000000 -0.002796713618
44.540000000000 -0.002959134588
44.560000000000 -0.003018965154
44.580000000000 -0.002970675685
44.600000000000 -0.002850244688
44.620000000000 -0.002720013958
44.640000000000 -0.002643148763
44.660000000000 -0.002658792553
44.680000000000 -0.002768276627
44.700000000000 -0.002937426097
44.720000000000 -0.003112728752
44.740000000000 -0.003243342892
44.760000000000 -0.003299178921
44.780000000000 -0.003278097229
44.800000000000 -0.003200928117
44.820000000000 -0.003098607962
44.840000000000 -0.002998589239
44.860000000000 -0.002916740200
44.880000000000 -0.002857113282
44.900000000000 -0.002817514583
44.920000000000 -0.002796126577
44.940000000000 -0.002794744362
44.960000000000 -0.002816987641
44.980000000000 -0.002863323446
45.000000000000 -0.002926809580
45.020000000000 -0.002992994309
45.040000000000 -0.003044756709
45.060000000000 -0.003069678219
45.080000000000 -0.003065730305
45.100000000000 -0.003041760260
45.120000000000 -0.003012115024
45.140000000000 -0.002988150470
45.160000000000 -0.002971358355
45.180000000000 -0.002952190947
45.200000000000 -0.002915627078
45.220000000000 -0.002850718523
45.240000000000 -0.002758893215
45.260000000000 -0.002656114743
45.280000000000 -0.002567060777
45.300000000000 -0.002513732503
45.320000000000 -0.002504084899
45.340000000000 -0.002526618184
45.360000000000 -0.002554101514
45.380000000000 -0.002555071787
45.400000000000 -0.002507785800
45.420000000000 -0.002409970885
45.440000000000 -0.002279736016
45.460000000000 -0.002147351874
45.480000000000 -0.002042053282
45.500000000000 -0.001980288037
45.520000000000 -0.001960809990
45.540000000000 -0.001968299687
45.560000000000 -0.001982797219
45.580000000000 -0.001989473457
45.600000000000 -0.001983555648
45.620000000000 -0.001968310260
45.640000000000 -0.001948110699
45.660000000000 -0.001921472457
45.680000000000 -0.001878923247
45.700000000000 -0.001807674734
45.720000000000 -0.001700867689
45.740000000000 -0.001566026426
45.760000000000 -0.001427122111
45.780000000000 -0.001317618159
45.800000000000 -0.001266618545
45.820000000000 -0.001284293313
45.840000000000 -0.001353896915
45.860000000000 -0.001435136061
45.880000000000 -0.001478485280
45.900000000000 -0.001444765922
45.920000000000 -0.001321516824
45.940000000000 -0.001128832531
45.960000000000 -0.000911951599
45.980000000000 -0.000723775174
46.000000000000 -0.000604894264
46.020000000000 -0.000569562536
46.040000000000 -0.000603061896
46.060000000000 -0.000670604890
46.080000000000 -0.000732878206
46.100000000000 -0.000760888782
46.120000000000 -0.000743897523
46.140000000000 -0.000688117574
46.160000000000 -0.000608434766
46.180000000000 -0.000518409723
46.200000000000 -0.000423917293
46.220000000000 -0.000323180307
46.240000000000 -0.000212203631
46.260000000000 -0.000091722859
46.280000000000 0.000028816751
46.300000000000 0.000132878003
46.320000000000 0.000203471292
46.340000000000 0.000231437935
46.360000000000 0.000221039837
46.380000000000 0.000189827598
46.400000000000 0.000162584223
46.420000000000 0.000162000634
46.440000000000 0.000200215641
46.460000000000 0.000274803736
46.480000000000 0.000370617048
46.500000000000 0.000466245336
46.520000000000 0.000542034891
46.540000000000 0.000586363363
46.560000000000 0.000598113438
46.580000000000 0.000585224736
46.600000000000 0.000560807936
46.620000000000 0.000538879553
46.640000000000 0.000531260242
46.660000000000 0.000546090087
46.680000000000 0.000587477852
46.700000000000 0.000655516670
46.720000000000 0.000746280126
46.740000000000 0.000852041681
46.760000000000 0.000962294366
46.780000000000 0.001065883514
46.800000000000 0.001153837598
46.820000000000 0.001221779604
46.840000000000 0.001270656377
46.860000000000 0.001305163570
46.880000000000 0.001330415987
46.900000000000 0.001348491718
46.920000000000 0.001356806716
46.940000000000 0.001349550861
46.960000000000 0.001321896530
46.980000000000 0.001275106290
47.000000000000 0.001219859596
47.020000000000 0.001175601547
47.040000000000 0.001165379974
47.060000000000 0.001207763485
47.080000000000 0.001309024379
47.100000000000 0.001459024941
47.120000000000 0.001632953714
47.140000000000 0.001798721339
47.160000000000 0.001927439198
47.180000000000 0.002003012857
47.200000000000 0.002027110743
47.220000000000 0.002017547660
47.240000000000 0.002000724135
47.260000000000 0.002001117267
47.280000000000 0.002031968627
47.300000000000 0.002090803440
47.320000000000 0.002161458837
47.340000000000 0.002221684018
47.360000000000 0.002253138237
47.380000000000 0.002249636692
47.400000000000 0.002220174222
47.420000000000 0.002185349612
47.440000000000 0.002168524044
47.460000000000 0.002185313831
47.480000000000 0.002235904932
47.500000000000 0.002303743314
47.520000000000 0.002361661602
47.540000000000 0.002383366860
47.560000000000 0.002355703436
47.580000000000 0.002286345654
47.600000000000 0.002203063648
47.620000000000 0.002144020391
47.640000000000 0.002142434330
47.660000000000 0.002211730866
47.680000000000 0.002337664090
47.700000000000 0.002481421165
47.720000000000 0.002593261680
47.740000000000 0.002631611500
47.760000000000 0.002579791914
47.780000000000 0.002453105440
47.800000000000 0.002292819471
47.820000000000 0.002149183312
47.840000000000 0.002060552943
47.860000000000 0.002037690822
47.880000000000 0.002060286115
47.900000000000 0.002087436109
47.920000000000 0.002077538473
47.940000000000 0.002008632179
47.960000000000 0.001889804904
47.980000000000 0.001758185973
48.000000000000 0.001662583016
48.020000000000 0.001641024064
48.040000000000 0.001702435243
48.060000000000 0.001820966863
48.080000000000 0.001945797876
48.100000000000 0.002022194694
48.120000000000 0.002014445582
48.140000000000 0.001920441537
48.160000000000 0.001771523658
48.180000000000 0.001617955833
48.200000000000 0.001506855092
48.220000000000 0.001462622088
48.240000000000 0.001478438812
48.260000000000 0.001522046057
48.280000000000 0.001552388838
48.300000000000 0.001538953999
48.320000000000 0.001474866246
48.340000000000 0.001378225205
48.360000000000 0.001281940072
48.380000000000 0.001217599957
48.400000000000 0.001201242799
48.420000000000 0.001227347076
48.440000000000 0.001272977835
48.460000000000 0.001309096236
48.480000000000 0.001313009637
48.500000000000 0.001276110147
48.520000000000 0.001204048614
48.540000000000 0.001110558187
48.560000000000 0.001009120560
48.580000000000 0.000907138961
48.600000000000 0.000805245831
48.620000000000 0.000701154315
48.640000000000 0.000594917912
48.660000000000 0.000491949637
48.680000000000 0.000401817116
48.700000000000 0.000333587859
48.720000000000 0.000290689315
48.740000000000 0.000268590584
48.760000000000 0.000256924577
48.780000000000 0.000244956363
48.800000000000 0.000227176210
48.820000000000 0.000205546460
48.840000000000 0.000186783531
48.860000000000 0.000176011804
48.880000000000 0.000170500146
48.900000000000 0.000157550420
48.920000000000 0.000118592703
48.940000000000 0.000038125296
48.960000000000 -0.000086856916
48.980000000000 -0.000242163796
49.000000000000 -0.000399734917
49.020000000000 -0.000528388187
49.040000000000 -0.000607451854
49.060000000000 -0.000636816920
49.080000000000 -0.000638170037
49.100000000000 -0.000646101911
49.120000000000 -0.000692601139
49.140000000000 -0.000791793610
49.160000000000 -0.000931982314
49.180000000000 -0.001078900523
49.200000000000 -0.001189052200
49.220000000000 -0.001227442445
49.240000000000 -0.001182038624
49.260000000000 -0.001068833630
49.280000000000 -0.000925629471
49.300000000000 -0.000797594438
49.320000000000 -0.000720995904
49.340000000000 -0.000711839113
49.360000000000 -0.000763493479
49.380000000000 -0.000853178412
49.400000000000 -0.000953443412
49.420000000000 -0.001043156465
49.440000000000 -0.001113521086
49.460000000000 -0.001167510724
49.480000000000 -0.001214287827
49.500000000000 -0.001262150079
49.520000000000 -0.001313568613
49.540000000000 -0.001364240167
49.560000000000 -0.001405820139
49.580000000000 -0.001430330662
49.600000000000 -0.001433862177
49.620000000000 -0.001418048974
49.640000000000 -0.001389211635
49.660000000000 -0.001356169264
49.680000000000 -0.001328004036
49.700000000000 -0.001312552387
49.720000000000 -0.001315603482
49.740000000000 -0.001340300021
49.760000000000 -0.001386359167
49.780000000000 -0.001449299204
49.800000000000 -0.001520380725
49.820000000000 -0.001587977680
49.840000000000 -0.001640459439
49.860000000000 -0.001669721504
49.880000000000 -0.001673848189
49.900000000000 -0.001657519553
49.920000000000 -0.001629745107
49.940000000000 -0.001599858693
49.960000000000 -0.001573696204
49.980000000000 -0.001551891314
50.000000000000 -0.001531165602
50.020000000000 -0.001507869651
50.040000000000 -0.001481723471
