0.400000000000 -0.234262644798
0.420000000000 -0.273923171893
0.440000000000 -0.303145314786
0.460000000000 -0.317456231847
0.480000000000 -0.317962068940
0.500000000000 -0.309581062925
0.520000000000 -0.297851216399
0.540000000000 -0.286118721530
0.560000000000 -0.274547960494
0.580000000000 -0.261281023078
0.600000000000 -0.244835497774
0.620000000000 -0.226139588540
0.640000000000 -0.208834751888
0.660000000000 -0.197499077888
0.680000000000 -0.194699284386
0.700000000000 -0.198571141058
0.720000000000 -0.202498883689
0.740000000000 -0.197439986676
0.760000000000 -0.176030685208
0.780000000000 -0.136544477030
0.800000000000 -0.084643479335
0.820000000000 -0.031785465150
0.840000000000 0.009283768278
0.860000000000 0.030065673103
0.880000000000 0.030362347751
0.900000000000 0.018887367904
0.920000000000 0.009968829288
0.940000000000 0.017638026243
0.960000000000 0.049602729498
0.980000000000 0.103696349359
1.000000000000 0.168332276164
1.020000000000 0.226766516293
1.040000000000 0.263364125572
1.060000000000 0.269282288085
1.080000000000 0.245335064241
1.100000000000 0.201082379017
1.120000000000 0.150782608463
1.140000000000 0.108058566169
1.160000000000 0.081468233818
1.180000000000 0.072580959687
1.200000000000 0.076982227867
1.220000000000 0.087424290794
1.240000000000 0.097607744808
1.260000000000 0.105052240215
1.280000000000 0.112091503593
1.300000000000 0.124871251320
1.320000000000 0.150954482739
1.340000000000 0.196494789376
1.360000000000 0.263886848224
1.380000000000 0.350484299702
1.400000000000 0.448591781914
1.420000000000 0.546637708797
1.440000000000 0.631253506706
1.460000000000 0.689873677866
1.480000000000 0.713370428804
1.500000000000 0.698147892639
1.520000000000 0.647117935225
1.540000000000 0.569155462236
1.560000000000 0.477015674129
1.580000000000 0.384198720267
1.600000000000 0.301673390530
1.620000000000 0.235507684564
1.640000000000 0.186185867425
1.660000000000 0.149783471310
1.680000000000 0.120460190961
1.700000000000 0.093224571262
1.720000000000 0.065857833462
1.740000000000 0.039296490801
1.760000000000 0.016480811851
1.780000000000 0.000353884433
1.800000000000 -0.007967233659
1.820000000000 -0.009978024744
1.840000000000 -0.009211710641
1.860000000000 -0.009658057119
1.880000000000 -0.013998924931
1.900000000000 -0.022529022497
1.920000000000 -0.033250078407
1.940000000000 -0.043027238552
1.960000000000 -0.049183672040
1.980000000000 -0.050732452232
2.000000000000 -0.048674392690
2.020000000000 -0.045290704448
2.040000000000 -0.042864927988
2.060000000000 -0.042524842283
2.080000000000 -0.043786236625
2.100000000000 -0.044982198845
2.120000000000 -0.044293366805
2.140000000000 -0.040800525732
2.160000000000 -0.035003279631
2.180000000000 -0.028559188007
2.200000000000 -0.023420697603
2.220000000000 -0.020856354029
2.240000000000 -0.020881664710
2.260000000000 -0.022385036175
2.280000000000 -0.023852941830
2.300000000000 -0.024281756771
2.320000000000 -0.023775654154
2.340000000000 -0.023509109178
2.360000000000 -0.025076634445
2.380000000000 -0.029576877475
2.400000000000 -0.036915211272
2.420000000000 -0.045693182357
2.440000000000 -0.053751522406
2.460000000000 -0.059105062065
2.480000000000 -0.060818984914
2.500000000000 -0.059414904387
2.520000000000 -0.056632342073
2.540000000000 -0.054679770748
2.560000000000 -0.055335536927
2.580000000000 -0.059299970904
2.600000000000 -0.066051481309
2.620000000000 -0.074209514291
2.640000000000 -0.082184569999
2.660000000000 -0.088801573057
2.680000000000 -0.093644890974
2.700000000000 -0.097039054673
2.720000000000 -0.099753458417
2.740000000000 -0.102617435486
2.760000000000 -0.106221863045
2.780000000000 -0.110793544526
2.800000000000 -0.116223650189
2.820000000000 -0.122170855622
2.840000000000 -0.128165237199
2.860000000000 -0.133688131418
2.880000000000 -0.138250125260
2.900000000000 -0.141497150609
2.920000000000 -0.143339116251
2.940000000000 -0.144046209396
2.960000000000 -0.144237000887
2.980000000000 -0.144714961970
3.000000000000 -0.146185574216
3.020000000000 -0.148963012634
3.040000000000 -0.152804638024
3.060000000000 -0.156967982686
3.080000000000 -0.160484395065
3.100000000000 -0.162536583237
3.120000000000 -0.162771811343
3.140000000000 -0.161410669259
3.160000000000 -0.159110466183
3.180000000000 -0.156660746240
3.200000000000 -0.154663815498
3.220000000000 -0.153347053514
3.240000000000 -0.152572912197
3.260000000000 -0.152004485745
3.280000000000 -0.151310253390
3.300000000000 -0.150290267276
3.320000000000 -0.148873107554
3.340000000000 -0.147023590409
3.360000000000 -0.144657831712
3.380000000000 -0.141649331634
3.400000000000 -0.137935938354
3.420000000000 -0.133651297021
3.440000000000 -0.129164836066
3.460000000000 -0.124954386038
3.480000000000 -0.121338960790
3.500000000000 -0.118206621641
3.520000000000 -0.114913923537
3.540000000000 -0.110471159983
3.560000000000 -0.103981969184
3.580000000000 -0.095150371675
3.600000000000 -0.084592343992
3.620000000000 -0.073747801722
3.640000000000 -0.064368267725
3.660000000000 -0.057772905613
3.680000000000 -0.054208871473
3.700000000000 -0.052637874967
3.720000000000 -0.051092260192
3.740000000000 -0.047479071095
3.760000000000 -0.040487605088
3.780000000000 -0.030189031694
3.800000000000 -0.018046231750
3.820000000000 -0.006321083178
3.840000000000 0.002853661003
3.860000000000 0.008316721791
3.880000000000 0.010261255190
3.900000000000 0.010009730689
3.920000000000 0.009321929527
3.940000000000 0.009588596931
3.960000000000 0.011294255885
3.980000000000 0.013974409961
4.000000000000 0.016631793534
4.020000000000 0.018349794962
4.040000000000 0.018763005671
4.060000000000 0.018148617397
4.080000000000 0.017125429686
4.100000000000 0.016165936875
4.120000000000 0.015223661694
4.140000000000 0.013703428730
4.160000000000 0.010801076628
4.180000000000 0.006023906451
4.200000000000 -0.000406808902
4.220000000000 -0.007513620748
4.240000000000 -0.013930784577
4.260000000000 -0.018507699480
4.280000000000 -0.020839711305
4.300000000000 -0.021448819167
4.320000000000 -0.021517051866
4.340000000000 -0.022309144906
4.360000000000 -0.024583334610
4.380000000000 -0.028292328047
4.400000000000 -0.032718789719
4.420000000000 -0.036955650624
4.440000000000 -0.040457220900
4.460000000000 -0.043352134020
4.480000000000 -0.046342982053
4.500000000000 -0.050248311519
4.520000000000 -0.055445461050
4.540000000000 -0.061536317893
4.560000000000 -0.067445092001
4.580000000000 -0.071925186233
4.600000000000 -0.074224020698
4.620000000000 -0.074553591167
4.640000000000 -0.074098637011
4.660000000000 -0.074524409730
4.680000000000 -0.077205037276
4.700000000000 -0.082546768301
4.720000000000 -0.089746101839
4.740000000000 -0.097115027083
4.760000000000 -0.102827768439
4.780000000000 -0.105735509598
4.800000000000 -0.105862274370
4.820000000000 -0.104352542179
4.840000000000 -0.102909083525
4.860000000000 -0.103003177009
4.880000000000 -0.105238567489
4.900000000000 -0.109160050139
4.920000000000 -0.113568455830
4.940000000000 -0.117155050188
4.960000000000 -0.119124670961
4.980000000000 -0.119505375152
5.000000000000 -0.119020244085
5.020000000000 -0.118626665046
5.040000000000 -0.118990068875
5.060000000000 -0.120173156112
5.080000000000 -0.121688205066
5.100000000000 -0.122855885349
5.120000000000 -0.123249800129
5.140000000000 -0.122967432592
5.160000000000 -0.122571880623
5.180000000000 -0.122735567937
5.200000000000 -0.123785188151
5.220000000000 -0.125406492610
5.240000000000 -0.126687040783
5.260000000000 -0.126497625835
5.280000000000 -0.124032122437
5.300000000000 -0.119235482474
5.320000000000 -0.112897357438
5.340000000000 -0.106350240992
5.360000000000 -0.100904550207
5.380000000000 -0.097282053520
5.400000000000 -0.095310585753
5.420000000000 -0.094018311779
5.440000000000 -0.092077783505
5.460000000000 -0.088390238021
5.480000000000 -0.082543599335
5.500000000000 -0.074945884056
5.520000000000 -0.066591361444
5.540000000000 -0.058583299549
5.560000000000 -0.051637717454
5.580000000000 -0.045786315020
5.600000000000 -0.040394678723
5.620000000000 -0.034467316236
5.640000000000 -0.027091312193
5.660000000000 -0.017824706663
5.680000000000 -0.006875425944
5.700000000000 0.004985008499
5.720000000000 0.016719518898
5.740000000000 0.027406758693
5.760000000000 0.036560159715
5.780000000000 0.044277116684
5.800000000000 0.051180306078
5.820000000000 0.058185207028
5.840000000000 0.066179355476
5.860000000000 0.075718812511
5.880000000000 0.086835991858
5.900000000000 0.099017236846
5.920000000000 0.111358065676
5.940000000000 0.122850192488
5.960000000000 0.132710612498
5.980000000000 0.140643363725
6.000000000000 0.146939678820
6.020000000000 0.152372906567
6.040000000000 0.157917373872
6.060000000000 0.164389343783
6.080000000000 0.172144158499
6.100000000000 0.180947406269
6.120000000000 0.190071539775
6.140000000000 0.198578049799
6.160000000000 0.205668054928
6.180000000000 0.210956200713
6.200000000000 0.214558182504
6.220000000000 0.216966016827
6.240000000000 0.218779300299
6.260000000000 0.220421701863
6.280000000000 0.221972029337
6.300000000000 0.223179743461
6.320000000000 0.223645432577
6.340000000000 0.223070629884
6.360000000000 0.221453704957
6.380000000000 0.219139894646
6.400000000000 0.216705615487
6.420000000000 0.214733527048
6.440000000000 0.213579656979
6.460000000000 0.213229648041
6.480000000000 0.213295284654
6.500000000000 0.213141023441
6.520000000000 0.212082866977
6.540000000000 0.209586401205
6.560000000000 0.205406213477
6.580000000000 0.199639659306
6.600000000000 0.192695570852
6.620000000000 0.185193054554
6.640000000000 0.177809769899
6.660000000000 0.171103294332
6.680000000000 0.165340701563
6.700000000000 0.160386589645
6.720000000000 0.155704128381
6.740000000000 0.150501880508
6.760000000000 0.144007925056
6.780000000000 0.135788727407
6.800000000000 0.125985345640
6.820000000000 0.115345592410
6.840000000000 0.104999171182
6.860000000000 0.096032980211
6.880000000000 0.089027668316
6.900000000000 0.083759919206
6.920000000000 0.079225900780
6.940000000000 0.074010772101
6.960000000000 0.066871157915
6.980000000000 0.057286559139
7.000000000000 0.045730588972
7.020000000000 0.033525276780
7.040000000000 0.022325758459
7.060000000000 0.013454102807
7.080000000000 0.007376519348
7.100000000000 0.003557304478
7.120000000000 0.000750391896
7.140000000000 -0.002414219758
7.160000000000 -0.006828455434
7.180000000000 -0.012570067644
7.200000000000 -0.018979710441
7.220000000000 -0.025093348803
7.240000000000 -0.030197829943
7.260000000000 -0.034220867560
7.280000000000 -0.037756243130
7.300000000000 -0.041715459836
7.320000000000 -0.046791779917
7.340000000000 -0.053022199727
7.360000000000 -0.059685932529
7.380000000000 -0.065607241737
7.400000000000 -0.069722131919
7.420000000000 -0.071628403603
7.440000000000 -0.071838869139
7.460000000000 -0.071599381504
7.480000000000 -0.072346483554
7.500000000000 -0.075057620391
7.520000000000 -0.079801284901
7.540000000000 -0.085698674428
7.560000000000 -0.091310904696
7.580000000000 -0.095264872043
7.600000000000 -0.096824687574
7.620000000000 -0.096153268827
7.640000000000 -0.094166725032
7.660000000000 -0.092080453519
7.680000000000 -0.090882537602
7.700000000000 -0.090983265178
7.720000000000 -0.092180368539
7.740000000000 -0.093910498870
7.760000000000 -0.095618039561
7.780000000000 -0.097031976081
7.800000000000 -0.098214393200
7.820000000000 -0.099384403358
7.840000000000 -0.100649641622
7.860000000000 -0.101824500163
7.880000000000 -0.102457194164
7.900000000000 -0.102061147514
7.920000000000 -0.100421995891
7.940000000000 -0.097799363362
7.960000000000 -0.094892122802
7.980000000000 -0.092561071184
8.000000000000 -0.091436482311
8.020000000000 -0.091607495125
8.040000000000 -0.092557150718
8.060000000000 -0.093386786144
8.080000000000 -0.093228065486
8.100000000000 -0.091645276130
8.120000000000 -0.088833906814
8.140000000000 -0.085521986925
8.160000000000 -0.082626570299
8.180000000000 -0.080835072974
8.200000000000 -0.080311860374
8.220000000000 -0.080661713873
8.240000000000 -0.081151334424
8.260000000000 -0.081065374215
8.280000000000 -0.080016514645
8.300000000000 -0.078064824935
8.320000000000 -0.075606979659
8.340000000000 -0.073113727087
8.360000000000 -0.070863900605
8.380000000000 -0.068812757313
8.400000000000 -0.066652127161
8.420000000000 -0.064015648352
8.440000000000 -0.060709673179
8.460000000000 -0.056844883668
8.480000000000 -0.052803692607
8.500000000000 -0.049068399174
8.520000000000 -0.046005755649
8.540000000000 -0.043719341932
8.560000000000 -0.042037587773
8.580000000000 -0.040629794029
8.600000000000 -0.039177533453
8.620000000000 -0.037508145745
8.640000000000 -0.035628126960
8.660000000000 -0.033655800356
8.680000000000 -0.031708257531
8.700000000000 -0.029816553948
8.720000000000 -0.027917528016
8.740000000000 -0.025918310569
8.760000000000 -0.023783030474
8.780000000000 -0.021578139214
8.800000000000 -0.019440316272
8.820000000000 -0.017481925733
8.840000000000 -0.015692354835
8.860000000000 -0.013902444070
8.880000000000 -0.011846765369
8.900000000000 -0.009302087348
8.920000000000 -0.006231970169
8.940000000000 -0.002855639969
8.960000000000 0.000407038874
8.980000000000 0.003099885978
9.000000000000 0.004930547679
9.020000000000 0.005909957585
9.040000000000 0.006360802189
9.060000000000 0.006787480010
9.080000000000 0.007667412942
9.100000000000 0.009261009580
9.120000000000 0.011526340476
9.140000000000 0.014171314364
9.160000000000 0.016808957618
9.180000000000 0.019134687975
9.200000000000 0.021040787887
9.220000000000 0.022621998821
9.240000000000 0.024084764621
9.260000000000 0.025619572340
9.280000000000 0.027307535989
9.300000000000 0.029105424596
9.320000000000 0.030905202423
9.340000000000 0.032622616295
9.360000000000 0.034256907764
9.380000000000 0.035885457915
9.400000000000 0.037598846162
9.420000000000 0.039418597270
9.440000000000 0.041250708266
9.460000000000 0.042907249377
9.480000000000 0.044188445102
9.500000000000 0.044981806288
9.520000000000 0.045323564758
9.540000000000 0.045387173621
9.560000000000 0.045402877015
9.580000000000 0.045549364960
9.600000000000 0.045872984684
9.620000000000 0.046274464054
9.640000000000 0.046566902031
9.660000000000 0.046572238944
9.680000000000 0.046206265537
9.700000000000 0.045512605277
9.720000000000 0.044636466065
9.740000000000 0.043761002686
9.760000000000 0.043044709934
9.780000000000 0.042589866876
9.800000000000 0.042446800724
9.820000000000 0.042633673746
9.840000000000 0.043142992073
9.860000000000 0.043919657780
9.880000000000 0.044822258316
9.900000000000 0.045601253890
9.920000000000 0.045928432542
9.940000000000 0.045487440592
9.960000000000 0.044097294847
9.980000000000 0.041811561115
10.000000000000 0.038935030140
10.020000000000 0.035932520393
10.040000000000 0.033257109118
10.060000000000 0.031170780343
10.080000000000 0.029643191264
10.100000000000 0.028383466856
10.120000000000 0.026997699824
10.140000000000 0.025201075231
10.160000000000 0.022981294039
10.180000000000 0.020628083695
10.200000000000 0.018605961180
10.220000000000 0.017324845338
10.240000000000 0.016917246846
10.260000000000 0.017133356902
10.280000000000 0.017413015410
10.300000000000 0.017110205046
10.320000000000 0.015771366095
10.340000000000 0.013339897806
10.360000000000 0.010190541063
10.380000000000 0.006974676858
10.400000000000 0.004344447445
10.420000000000 0.002679031243
10.440000000000 0.001934647986
10.460000000000 0.001682521819
10.480000000000 0.001313648381
10.500000000000 0.000315616727
10.520000000000 -0.001502055789
10.540000000000 -0.003930448265
10.560000000000 -0.006459626994
10.580000000000 -0.008503805374
10.600000000000 -0.009652620914
10.620000000000 -0.009842438943
10.640000000000 -0.009381102902
10.660000000000 -0.008823615183
10.680000000000 -0.008756052055
10.700000000000 -0.009576674012
10.720000000000 -0.011357118273
10.740000000000 -0.013829507658
10.760000000000 -0.016495157255
10.780000000000 -0.018807442146
10.800000000000 -0.020359660074
10.820000000000 -0.021012899073
10.840000000000 -0.020924221801
10.860000000000 -0.020471400397
10.880000000000 -0.020105009290
10.900000000000 -0.020181758652
10.920000000000 -0.020838122037
10.940000000000 -0.021948976380
10.960000000000 -0.023185951861
10.980000000000 -0.024153594844
11.000000000000 -0.024550941658
11.020000000000 -0.024294049014
11.040000000000 -0.023548322086
11.060000000000 -0.022655273591
11.080000000000 -0.021983354067
11.100000000000 -0.021767374760
11.120000000000 -0.022008775187
11.140000000000 -0.022483586408
11.160000000000 -0.022855922476
11.180000000000 -0.022844270736
11.200000000000 -0.022360528104
11.220000000000 -0.021552719594
11.240000000000 -0.020728362718
11.260000000000 -0.020195056806
11.280000000000 -0.020098229239
11.300000000000 -0.020339838394
11.320000000000 -0.020622288487
11.340000000000 -0.020597539031
11.360000000000 -0.020045163202
11.380000000000 -0.018985160987
11.400000000000 -0.017663049407
11.420000000000 -0.016411486640
11.440000000000 -0.015460173699
11.460000000000 -0.014797511303
11.480000000000 -0.014164328557
11.500000000000 -0.013191508386
11.520000000000 -0.011614239651
11.540000000000 -0.009448444513
11.560000000000 -0.007027378750
11.580000000000 -0.004865519203
11.600000000000 -0.003408785760
11.620000000000 -0.002796611238
11.640000000000 -0.002764821622
11.660000000000 -0.002752721805
11.680000000000 -0.002173799088
11.700000000000 -0.000720001457
11.720000000000 0.001457044954
11.740000000000 0.003790435838
11.760000000000 0.005559580281
11.780000000000 0.006247621630
11.800000000000 0.005817222198
11.820000000000 0.004759973079
11.840000000000 0.003883513194
11.860000000000 0.003932588603
11.880000000000 0.005228708133
11.900000000000 0.007510613411
11.920000000000 0.010062336002
11.940000000000 0.012072675209
11.960000000000 0.013050812341
11.980000000000 0.013088804814
12.000000000000 0.012832568920
12.020000000000 0.013165627991
12.040000000000 0.014754219231
12.060000000000 0.017675895734
12.080000000000 0.021318440947
12.100000000000 0.024607667549
12.120000000000 0.026464009920
12.140000000000 0.026276763719
12.160000000000 0.024175893563
12.180000000000 0.020978311681
12.200000000000 0.017839889421
12.220000000000 0.015780070889
12.240000000000 0.015297468072
12.260000000000 0.016240081663
12.280000000000 0.017963923786
12.300000000000 0.019676109742
12.320000000000 0.020781361838
12.340000000000 0.021069162170
12.360000000000 0.020677168187
12.380000000000 0.019889207802
12.400000000000 0.018907457488
12.420000000000 0.017737373253
12.440000000000 0.016245396253
12.460000000000 0.014340088315
12.480000000000 0.012149663639
12.500000000000 0.010066967471
12.520000000000 0.008608533543
12.540000000000 0.008145803315
12.560000000000 0.008651431860
12.580000000000 0.009612436366
12.600000000000 0.010185670052
12.620000000000 0.009546844330
12.640000000000 0.007276627015
12.660000000000 0.003594458756
12.680000000000 -0.000686422520
12.700000000000 -0.004478983724
12.720000000000 -0.006879846917
12.740000000000 -0.007556424114
12.760000000000 -0.006885520240
12.780000000000 -0.005780891184
12.800000000000 -0.005292545240
12.820000000000 -0.006164483964
12.840000000000 -0.008550360528
12.860000000000 -0.012004293730
12.880000000000 -0.015729832258
12.900000000000 -0.018951141172
12.920000000000 -0.021224151488
12.940000000000 -0.022550515315
12.960000000000 -0.023266077170
12.980000000000 -0.023789842745
13.000000000000 -0.024380968786
13.020000000000 -0.025031941568
13.040000000000 -0.025540891962
13.060000000000 -0.025703568699
13.080000000000 -0.025501389835
13.100000000000 -0.025169157798
13.120000000000 -0.025098115990
13.140000000000 -0.025625924026
13.160000000000 -0.026831737673
13.180000000000 -0.028455490324
13.200000000000 -0.029995218992
13.220000000000 -0.030940156730
13.240000000000 -0.031022180721
13.260000000000 -0.030354675493
13.280000000000 -0.029383737202
13.300000000000 -0.028672855378
13.320000000000 -0.028628341232
13.340000000000 -0.029303680026
13.360000000000 -0.030380500846
13.380000000000 -0.031333141471
13.400000000000 -0.031690086342
13.420000000000 -0.031257419142
13.440000000000 -0.030191426678
13.460000000000 -0.028887607835
13.480000000000 -0.027749501424
13.500000000000 -0.026962855967
13.520000000000 -0.026396632997
13.540000000000 -0.025684561231
13.560000000000 -0.024444865291
13.580000000000 -0.022521356831
13.600000000000 -0.020115024815
13.620000000000 -0.017729244286
13.640000000000 -0.015946532201
13.660000000000 -0.015142359492
13.680000000000 -0.015277432476
13.700000000000 -0.015875627232
13.720000000000 -0.016206989055
13.740000000000 -0.015596939557
13.760000000000 -0.013721936620
13.780000000000 -0.010757387210
13.800000000000 -0.007312060001
13.820000000000 -0.004180888856
13.840000000000 -0.002028220078
13.860000000000 -0.001139481080
13.880000000000 -0.001341358592
13.900000000000 -0.002109865962
13.920000000000 -0.002802183795
13.940000000000 -0.002900773818
13.960000000000 -0.002166185483
13.980000000000 -0.000649684903
14.000000000000 0.001411968461
14.020000000000 0.003745498249
14.040000000000 0.006150935264
14.060000000000 0.008523912877
14.080000000000 0.010798397431
14.100000000000 0.012864665432
14.120000000000 0.014530014720
14.140000000000 0.015562472306
14.160000000000 0.015806159599
14.180000000000 0.015309267022
14.200000000000 0.014388078555
14.220000000000 0.013574058032
14.240000000000 0.013445552338
14.260000000000 0.014404957428
14.280000000000 0.016496685499
14.300000000000 0.019352515119
14.320000000000 0.022300659773
14.340000000000 0.024604657376
14.360000000000 0.025739457993
14.380000000000 0.025591913636
14.400000000000 0.024501402268
14.420000000000 0.023122022375
14.440000000000 0.022162470377
14.460000000000 0.022110946930
14.480000000000 0.023057937592
14.500000000000 0.024687132601
14.520000000000 0.026432697344
14.540000000000 0.027730932869
14.560000000000 0.028256397801
14.580000000000 0.028042814912
14.600000000000 0.027442315188
14.620000000000 0.026948708477
14.640000000000 0.026969355762
14.660000000000 0.027649933385
14.680000000000 0.028828787069
14.700000000000 0.030135914147
14.720000000000 0.031184467711
14.740000000000 0.031760941500
14.760000000000 0.031922913879
14.780000000000 0.031958778447
14.800000000000 0.032230647120
14.820000000000 0.032977966572
14.840000000000 0.034178544957
14.860000000000 0.035536390974
14.880000000000 0.036604886697
14.900000000000 0.036988413264
14.920000000000 0.036527106044
14.940000000000 0.035376671149
14.960000000000 0.033944918304
14.980000000000 0.032714978635
15.000000000000 0.032038983734
15.020000000000 0.031999087470
15.040000000000 0.032398763212
15.060000000000 0.032883104808
15.080000000000 0.033124194834
15.100000000000 0.032977537545
15.120000000000 0.032532861704
15.140000000000 0.032038239833
15.160000000000 0.031742010950
15.180000000000 0.031738922659
15.200000000000 0.031903710920
15.220000000000 0.031948633293
15.240000000000 0.031575408982
15.260000000000 0.030641022216
15.280000000000 0.029247868802
15.300000000000 0.027707096291
15.320000000000 0.026390270566
15.340000000000 0.025544233346
15.360000000000 0.025165498693
15.380000000000 0.025001553797
15.400000000000 0.024681101178
15.420000000000 0.023907245720
15.440000000000 0.022612801797
15.460000000000 0.020994582861
15.480000000000 0.019405826324
15.500000000000 0.018161093055
15.520000000000 0.017356607116
15.540000000000 0.016804433077
15.560000000000 0.016121729752
15.580000000000 0.014934934958
15.600000000000 0.013095217110
15.620000000000 0.010790046808
15.640000000000 0.008484396659
15.660000000000 0.006710827956
15.680000000000 0.005807387841
15.700000000000 0.005734294783
15.720000000000 0.006066514099
15.740000000000 0.006174543147
15.760000000000 0.005511613810
15.780000000000 0.003869595379
15.800000000000 0.001477473872
15.820000000000 -0.001108802037
15.840000000000 -0.003274342940
15.860000000000 -0.004641937509
15.880000000000 -0.005252470471
15.900000000000 -0.005540250439
15.920000000000 -0.006114556411
15.940000000000 -0.007453807027
15.960000000000 -0.009661720736
15.980000000000 -0.012404486315
16.000000000000 -0.015059489760
16.020000000000 -0.017003390531
16.040000000000 -0.017900817150
16.060000000000 -0.017856698412
16.080000000000 -0.017363196467
16.100000000000 -0.017071784388
16.120000000000 -0.017502896699
16.140000000000 -0.018830485241
16.160000000000 -0.020836666676
16.180000000000 -0.023045727175
16.200000000000 -0.024961009569
16.220000000000 -0.026284658469
16.240000000000 -0.027018004067
16.260000000000 -0.027407178848
16.280000000000 -0.027778089903
16.300000000000 -0.028356286679
16.320000000000 -0.029166175586
16.340000000000 -0.030054214866
16.360000000000 -0.030810929510
16.380000000000 -0.031314584173
16.400000000000 -0.031611874333
16.420000000000 -0.031890146865
16.440000000000 -0.032358658459
16.460000000000 -0.033108369058
16.480000000000 -0.034032637217
16.500000000000 -0.034858360353
16.520000000000 -0.035276638285
16.540000000000 -0.035106636065
16.560000000000 -0.034405793241
16.580000000000 -0.033465043635
16.600000000000 -0.032686081109
16.620000000000 -0.032398510894
16.640000000000 -0.032706362725
16.660000000000 -0.033439589795
16.680000000000 -0.034234088179
16.700000000000 -0.034700237030
16.720000000000 -0.034597263992
16.740000000000 -0.033930034529
16.760000000000 -0.032925586316
16.780000000000 -0.031907366479
16.800000000000 -0.031134661963
16.820000000000 -0.030688621237
16.840000000000 -0.030458782546
16.860000000000 -0.030230497027
16.880000000000 -0.029822078980
16.900000000000 -0.029196999805
16.920000000000 -0.028491942409
16.940000000000 -0.027946879400
16.960000000000 -0.027774542463
16.980000000000 -0.028037539191
17.000000000000 -0.028596874092
17.020000000000 -0.029158970919
17.040000000000 -0.029398736175
17.060000000000 -0.029098831127
17.080000000000 -0.028238322248
17.100000000000 -0.026989798748
17.120000000000 -0.025629143350
17.140000000000 -0.024403824775
17.160000000000 -0.023423811440
17.180000000000 -0.022626108139
17.200000000000 -0.021826980555
17.220000000000 -0.020833650726
17.240000000000 -0.019559755259
17.260000000000 -0.018088370778
17.280000000000 -0.016651999526
17.300000000000 -0.015537749486
17.320000000000 -0.014959937702
17.340000000000 -0.014956606285
17.360000000000 -0.015355643211
17.380000000000 -0.015826161847
17.400000000000 -0.015995095745
17.420000000000 -0.015582625501
17.440000000000 -0.014503262616
17.460000000000 -0.012893895474
17.480000000000 -0.011059190700
17.500000000000 -0.009356633382
17.520000000000 -0.008066005381
17.540000000000 -0.007293106325
17.560000000000 -0.006943559888
17.580000000000 -0.006775079402
17.600000000000 -0.006505940665
17.620000000000 -0.005935253240
17.640000000000 -0.005025708647
17.660000000000 -0.003914346459
17.680000000000 -0.002846392362
17.700000000000 -0.002059968401
17.720000000000 -0.001671812792
17.740000000000 -0.001615749010
17.760000000000 -0.001664351284
17.780000000000 -0.001527922561
17.800000000000 -0.000988911763
17.820000000000 -0.000010839922
17.840000000000 0.001231169275
17.860000000000 0.002417778953
17.880000000000 0.003225439921
17.900000000000 0.003477878901
17.920000000000 0.003238839129
17.940000000000 0.002799510831
17.960000000000 0.002561181644
17.980000000000 0.002862850016
18.000000000000 0.003831323850
18.020000000000 0.005323312350
18.040000000000 0.006987625602
18.060000000000 0.008419656678
18.080000000000 0.009336511692
18.100000000000 0.009691087384
18.120000000000 0.009672694839
18.140000000000 0.009596793500
18.160000000000 0.009740287749
18.180000000000 0.010204919608
18.200000000000 0.010876291704
18.220000000000 0.011497149330
18.240000000000 0.011815146331
18.260000000000 0.011726993096
18.280000000000 0.011342415695
18.300000000000 0.010932453730
18.320000000000 0.010786730009
18.340000000000 0.011052788433
18.360000000000 0.011642224978
18.380000000000 0.012256408928
18.400000000000 0.012524608342
18.420000000000 0.012189424731
18.440000000000 0.011248165509
18.460000000000 0.009978023567
18.480000000000 0.008828653267
18.500000000000 0.008230366187
18.520000000000 0.008407504432
18.540000000000 0.009284022405
18.560000000000 0.010523396822
18.580000000000 0.011680359209
18.600000000000 0.012389843935
18.620000000000 0.012504376740
18.640000000000 0.012120734929
18.660000000000 0.011493790894
18.680000000000 0.010890358095
18.700000000000 0.010461071029
18.720000000000 0.010192504596
18.740000000000 0.009955076111
18.760000000000 0.009610567660
18.780000000000 0.009113778026
18.800000000000 0.008550422839
18.820000000000 0.008092288605
18.840000000000 0.007898480829
18.860000000000 0.008021793169
18.880000000000 0.008375403638
18.900000000000 0.008779927209
18.920000000000 0.009064343223
18.940000000000 0.009162743785
18.960000000000 0.009150208766
18.980000000000 0.009195089381
19.000000000000 0.009452933609
19.020000000000 0.009962331137
19.040000000000 0.010604765341
19.060000000000 0.011156831823
19.080000000000 0.011411440787
19.100000000000 0.011303151797
19.120000000000 0.010965401119
19.140000000000 0.010680112957
19.160000000000 0.010737257901
19.180000000000 0.011273403983
19.200000000000 0.012175734371
19.220000000000 0.013109821378
19.240000000000 0.013667976018
19.260000000000 0.013570964893
19.280000000000 0.012822970329
19.300000000000 0.011736862184
19.320000000000 0.010807902726
19.340000000000 0.010489645453
19.360000000000 0.010977963199
19.380000000000 0.012110270787
19.400000000000 0.013434450486
19.420000000000 0.014420177167
19.440000000000 0.014714207048
19.460000000000 0.014316472714
19.480000000000 0.013589040695
19.500000000000 0.013089230269
19.520000000000 0.013303485617
19.540000000000 0.014408322580
19.560000000000 0.016174029601
19.580000000000 0.018060130105
19.600000000000 0.019460498956
19.620000000000 0.019984078473
19.640000000000 0.019638906962
19.660000000000 0.018831506041
19.680000000000 0.018179594684
19.700000000000 0.018223040456
19.720000000000 0.019165246256
19.740000000000 0.020763235721
19.760000000000 0.022416851855
19.780000000000 0.023417816055
19.800000000000 0.023249172386
19.820000000000 0.021805917004
19.840000000000 0.019445340331
19.860000000000 0.016851535464
19.880000000000 0.014777273775
19.900000000000 0.013773464988
19.920000000000 0.014013509553
19.940000000000 0.015272193324
19.960000000000 0.017050760893
19.980000000000 0.018782479448
20.000000000000 0.020029585696
20.020000000000 0.020598832983
20.040000000000 0.020546716752
20.060000000000 0.020094222826
20.080000000000 0.019503049060
20.100000000000 0.018969761256
20.120000000000 0.018574347128
20.140000000000 0.018288641168
20.160000000000 0.018024085377
20.180000000000 0.017687797813
20.200000000000 0.017222003743
20.220000000000 0.016617408734
20.240000000000 0.015905888078
20.260000000000 0.015144565002
20.280000000000 0.014400774076
20.300000000000 0.013740049075
20.320000000000 0.013213673181
20.340000000000 0.012842728234
20.360000000000 0.012601425630
20.380000000000 0.012409067464
20.400000000000 0.012141563595
20.420000000000 0.011667105449
20.440000000000 0.010898386326
20.460000000000 0.009841852493
20.480000000000 0.008619987397
20.500000000000 0.007449634343
20.520000000000 0.006576295611
20.540000000000 0.006184309179
20.560000000000 0.006316601760
20.580000000000 0.006838208217
20.600000000000 0.007463391139
20.620000000000 0.007842067012
20.640000000000 0.007677037915
20.660000000000 0.006829425093
20.680000000000 0.005371997585
20.700000000000 0.003568453889
20.720000000000 0.001784251041
20.740000000000 0.000360594264
20.760000000000 -0.000502492657
20.780000000000 -0.000811162128
20.800000000000 -0.000767311489
20.820000000000 -0.000687524042
20.840000000000 -0.000882591104
20.860000000000 -0.001543266455
20.880000000000 -0.002674872525
20.900000000000 -0.004104074268
20.920000000000 -0.005553056372
20.940000000000 -0.006750425262
20.960000000000 -0.007534566237
20.980000000000 -0.007909263423
21.000000000000 -0.008031445320
21.020000000000 -0.008138771503
21.040000000000 -0.008448981016
21.060000000000 -0.009073463735
21.080000000000 -0.009980062440
21.100000000000 -0.011017990786
21.120000000000 -0.011990649242
21.140000000000 -0.012741948652
21.160000000000 -0.013217377637
21.180000000000 -0.013474249496
21.200000000000 -0.013640092982
21.220000000000 -0.013842508263
21.240000000000 -0.014146530789
21.260000000000 -0.014530622729
21.280000000000 -0.014912252840
21.300000000000 -0.015208453612
21.320000000000 -0.015398378372
21.340000000000 -0.015553027408
21.360000000000 -0.015813304454
21.380000000000 -0.016323882573
21.400000000000 -0.017154085976
21.420000000000 -0.018246053014
21.440000000000 -0.019419613094
21.460000000000 -0.020437047168
21.480000000000 -0.021101491197
21.500000000000 -0.021344520403
21.520000000000 -0.021260848732
21.540000000000 -0.021070851126
21.560000000000 -0.021024665024
21.580000000000 -0.021289578121
21.600000000000 -0.021871852186
21.620000000000 -0.022610061606
21.640000000000 -0.023245377130
21.660000000000 -0.023539261519
21.680000000000 -0.023386780650
21.700000000000 -0.022874514994
21.720000000000 -0.022255759445
21.740000000000 -0.021851800322
21.760000000000 -0.021920478662
21.780000000000 -0.022547675450
21.800000000000 -0.023607626432
21.820000000000 -0.024808654296
21.840000000000 -0.025804988149
21.860000000000 -0.026328301688
21.880000000000 -0.026285601329
21.900000000000 -0.025785363900
21.920000000000 -0.025084140188
21.940000000000 -0.024478078472
21.960000000000 -0.024184760885
21.980000000000 -0.024262522152
22.000000000000 -0.024597364513
22.020000000000 -0.024959497527
22.040000000000 -0.025104047070
22.060000000000 -0.024874228064
22.080000000000 -0.024265902886
22.100000000000 -0.023428866942
22.120000000000 -0.022605504633
22.140000000000 -0.022031821297
22.160000000000 -0.021840229854
22.180000000000 -0.022002720411
22.200000000000 -0.022337589157
22.220000000000 -0.022578466024
22.240000000000 -0.022479968236
22.260000000000 -0.021919112277
22.280000000000 -0.020951743092
22.300000000000 -0.019799315773
22.320000000000 -0.018767954602
22.340000000000 -0.018128932496
22.360000000000 -0.018006731660
22.380000000000 -0.018320147786
22.400000000000 -0.018802651228
22.420000000000 -0.019097205850
22.440000000000 -0.018890167974
22.460000000000 -0.018031582344
22.480000000000 -0.016593138655
22.500000000000 -0.014839542887
22.520000000000 -0.013124441171
22.540000000000 -0.011753463997
22.560000000000 -0.010870738922
22.580000000000 -0.010414997104
22.600000000000 -0.010161312336
22.620000000000 -0.009827659901
22.640000000000 -0.009198193118
22.660000000000 -0.008209548312
22.680000000000 -0.006964900512
22.700000000000 -0.005674191115
22.720000000000 -0.004552217119
22.740000000000 -0.003723750733
22.760000000000 -0.003178803550
22.780000000000 -0.002795076494
22.800000000000 -0.002411556625
22.820000000000 -0.001913282465
22.840000000000 -0.001283910443
22.860000000000 -0.000601012388
22.880000000000 0.000020583769
22.900000000000 0.000505124977
22.920000000000 0.000869714416
22.940000000000 0.001225369958
22.960000000000 0.001723017941
22.980000000000 0.002471468281
23.000000000000 0.003470267294
23.020000000000 0.004594296350
23.040000000000 0.005641747506
23.060000000000 0.006425090867
23.080000000000 0.006861886783
23.100000000000 0.007020430357
23.120000000000 0.007095640996
23.140000000000 0.007323688514
23.160000000000 0.007873589841
23.180000000000 0.008765906409
23.200000000000 0.009856802232
23.220000000000 0.010895650551
23.240000000000 0.011630423881
23.260000000000 0.011913376917
23.280000000000 0.011760154591
23.300000000000 0.011337775682
23.320000000000 0.010890010830
23.340000000000 0.010636684959
23.360000000000 0.010693375844
23.380000000000 0.011045782647
23.400000000000 0.011585282160
23.420000000000 0.012182670519
23.440000000000 0.012760011590
23.460000000000 0.013323690061
23.480000000000 0.013943049331
23.500000000000 0.014687566528
23.520000000000 0.015557283449
23.540000000000 0.016445595079
23.560000000000 0.017158394566
23.580000000000 0.017486198012
23.600000000000 0.017299210450
23.620000000000 0.016621966437
23.640000000000 0.015650618736
23.660000000000 0.014699551206
23.680000000000 0.014094416573
23.700000000000 0.014052594582
23.720000000000 0.014598989187
23.740000000000 0.015551976133
23.760000000000 0.016586651960
23.780000000000 0.017351822821
23.800000000000 0.017595983215
23.820000000000 0.017254317479
23.840000000000 0.016464514240
23.860000000000 0.015507301811
23.880000000000 0.014696733812
23.900000000000 0.014263916388
23.920000000000 0.014279005981
23.940000000000 0.014639887292
23.960000000000 0.015128798307
23.980000000000 0.015511196153
24.000000000000 0.015635000713
24.020000000000 0.015489270286
24.040000000000 0.015198814539
24.060000000000 0.014958127836
24.080000000000 0.014933450434
24.100000000000 0.015175381884
24.120000000000 0.015580604459
24.140000000000 0.015921287001
24.160000000000 0.015932607036
24.180000000000 0.015424017558
24.200000000000 0.014368717296
24.220000000000 0.012933156902
24.240000000000 0.011431660574
24.260000000000 0.010221095941
24.280000000000 0.009574864804
24.300000000000 0.009584347252
24.320000000000 0.010125657608
24.340000000000 0.010904346017
24.360000000000 0.011560748813
24.380000000000 0.011796043932
24.400000000000 0.011472456089
24.420000000000 0.010652489723
24.440000000000 0.009566254324
24.460000000000 0.008522814548
24.480000000000 0.007800574369
24.500000000000 0.007556377899
24.520000000000 0.007782853052
24.540000000000 0.008323854019
24.560000000000 0.008936973072
24.580000000000 0.009377630327
24.600000000000 0.009475332612
24.620000000000 0.009178953251
24.640000000000 0.008560484719
24.660000000000 0.007780523143
24.680000000000 0.007029468921
24.700000000000 0.006463800039
24.720000000000 0.006156520668
24.740000000000 0.006075971936
24.760000000000 0.006099048149
24.780000000000 0.006055111810
24.800000000000 0.005787525716
24.820000000000 0.005213200654
24.840000000000 0.004359456257
24.860000000000 0.003363370605
24.880000000000 0.002430940503
24.900000000000 0.001768222563
24.920000000000 0.001508550414
24.940000000000 0.001663429058
24.960000000000 0.002117133995
24.980000000000 0.002668407280
25.000000000000 0.003103420247
25.020000000000 0.003270766497
25.040000000000 0.003128126176
25.060000000000 0.002742578386
25.080000000000 0.002247174963
25.100000000000 0.001775893736
25.120000000000 0.001408143974
25.140000000000 0.001148041831
25.160000000000 0.000945437552
25.180000000000 0.000744132204
25.200000000000 0.000528786495
25.220000000000 0.000343038398
25.240000000000 0.000267134856
25.260000000000 0.000366034918
25.280000000000 0.000636612902
25.300000000000 0.000985541884
25.320000000000 0.001255258784
25.340000000000 0.001290648173
25.360000000000 0.001016243722
25.380000000000 0.000485046479
25.400000000000 -0.000128998907
25.420000000000 -0.000596665752
25.440000000000 -0.000730195578
25.460000000000 -0.000467118293
25.480000000000 0.000098805324
25.500000000000 0.000755508500
25.520000000000 0.001262830098
25.540000000000 0.001453241462
25.560000000000 0.001296214716
25.580000000000 0.000897218745
25.600000000000 0.000434492512
25.620000000000 0.000067187763
25.640000000000 -0.000138163453
25.660000000000 -0.000226450831
25.680000000000 -0.000310789976
25.700000000000 -0.000492852978
25.720000000000 -0.000791694111
25.740000000000 -0.001121817111
25.760000000000 -0.001335162133
25.780000000000 -0.001307024730
25.800000000000 -0.001020695254
25.820000000000 -0.000603405705
25.840000000000 -0.000288972675
25.860000000000 -0.000319402151
25.880000000000 -0.000830149168
25.900000000000 -0.001774905675
25.920000000000 -0.002929284374
25.940000000000 -0.003975999790
25.960000000000 -0.004634921145
25.980000000000 -0.004779057596
26.000000000000 -0.004483370066
26.020000000000 -0.003984680501
26.040000000000 -0.003572643383
26.060000000000 -0.003463467077
26.080000000000 -0.003714566306
26.100000000000 -0.004216904958
26.120000000000 -0.004763528557
26.140000000000 -0.005156816596
26.160000000000 -0.005300806241
26.180000000000 -0.005235715393
26.200000000000 -0.005103017351
26.220000000000 -0.005064561918
26.240000000000 -0.005220411470
26.260000000000 -0.005567183566
26.280000000000 -0.006014433827
26.300000000000 -0.006444643596
26.320000000000 -0.006779932660
26.340000000000 -0.007017345030
26.360000000000 -0.007214450798
26.380000000000 -0.007436603928
26.400000000000 -0.007699864317
26.420000000000 -0.007946574808
26.440000000000 -0.008071956843
26.460000000000 -0.007989925140
26.480000000000 -0.007701379720
26.500000000000 -0.007322934897
26.520000000000 -0.007052516074
26.540000000000 -0.007081707626
26.560000000000 -0.007495711651
26.580000000000 -0.008213186570
26.600000000000 -0.009002519724
26.620000000000 -0.009574691259
26.640000000000 -0.009713514388
26.660000000000 -0.009381926596
26.680000000000 -0.008750542708
26.700000000000 -0.008129684102
26.720000000000 -0.007832345146
26.740000000000 -0.008030477521
26.760000000000 -0.008672799922
26.780000000000 -0.009505160741
26.800000000000 -0.010186570120
26.820000000000 -0.010448156468
26.840000000000 -0.010220769989
26.860000000000 -0.009670585491
26.880000000000 -0.009124782115
26.900000000000 -0.008921010857
26.920000000000 -0.009250294772
26.940000000000 -0.010066108728
26.960000000000 -0.011101265222
26.980000000000 -0.011983855179
27.000000000000 -0.012397871818
27.020000000000 -0.012214729789
27.040000000000 -0.011537321946
27.060000000000 -0.010640447877
27.080000000000 -0.009839795808
27.100000000000 -0.009353181776
27.120000000000 -0.009218147018
27.140000000000 -0.009300264856
27.160000000000 -0.009381925807
27.180000000000 -0.009283781954
27.200000000000 -0.008958067699
27.220000000000 -0.008509779808
27.240000000000 -0.008138802023
27.260000000000 -0.008034718501
27.280000000000 -0.008277573651
27.300000000000 -0.008792628731
27.320000000000 -0.009379034687
27.340000000000 -0.009796012098
27.360000000000 -0.009863592981
27.380000000000 -0.009530569382
27.400000000000 -0.008880933882
27.420000000000 -0.008081404421
27.440000000000 -0.007300563749
27.460000000000 -0.006641198023
27.480000000000 -0.006117147740
27.500000000000 -0.005680774358
27.520000000000 -0.005280514156
27.540000000000 -0.004913502162
27.560000000000 -0.004642719593
27.580000000000 -0.004568477073
27.600000000000 -0.004769271375
27.620000000000 -0.005244016469
27.640000000000 -0.005887795696
27.660000000000 -0.006516785878
27.680000000000 -0.006933421258
27.700000000000 -0.007002615826
27.720000000000 -0.006703947884
27.740000000000 -0.006135835066
27.760000000000 -0.005470189172
27.780000000000 -0.004878786039
27.800000000000 -0.004464773914
27.820000000000 -0.004228978314
27.840000000000 -0.004083365981
27.860000000000 -0.003901938666
27.880000000000 -0.003583007348
27.900000000000 -0.003093529488
27.920000000000 -0.002476700061
27.940000000000 -0.001822488509
27.960000000000 -0.001218158266
27.980000000000 -0.000704004646
28.000000000000 -0.000255436671
28.020000000000 0.000201110912
28.040000000000 0.000747152629
28.060000000000 0.001425918219
28.080000000000 0.002212326573
28.100000000000 0.003012540563
28.120000000000 0.003693226529
28.140000000000 0.004128359629
28.160000000000 0.004245136447
28.180000000000 0.004052127581
28.200000000000 0.003640559523
28.220000000000 0.003159670684
28.240000000000 0.002775380304
28.260000000000 0.002625518568
28.280000000000 0.002784248496
28.300000000000 0.003244408613
28.320000000000 0.003921243310
28.340000000000 0.004675881986
28.360000000000 0.005352722585
28.380000000000 0.005821818077
28.400000000000 0.006015733321
28.420000000000 0.005950712170
28.440000000000 0.005724996513
28.460000000000 0.005492813307
28.480000000000 0.005419801201
28.500000000000 0.005632261068
28.520000000000 0.006175955247
28.540000000000 0.006998394427
28.560000000000 0.007961603757
28.580000000000 0.008882347783
28.600000000000 0.009587276096
28.620000000000 0.009965038602
28.640000000000 0.009998256514
28.660000000000 0.009765084793
28.680000000000 0.009410443092
28.700000000000 0.009097071751
28.720000000000 0.008952897624
28.740000000000 0.009031821440
28.760000000000 0.009300105709
28.780000000000 0.009651992467
28.800000000000 0.009948885836
28.820000000000 0.010069193496
28.840000000000 0.009952702317
28.860000000000 0.009624949129
28.880000000000 0.009193001468
28.900000000000 0.008812867850
28.920000000000 0.008638051882
28.940000000000 0.008765749090
28.960000000000 0.009199294187
28.980000000000 0.009841279155
29.000000000000 0.010521860474
29.020000000000 0.011054062614
29.040000000000 0.011296967445
29.060000000000 0.011203243610
29.080000000000 0.010832205799
29.100000000000 0.010322576748
29.120000000000 0.009835606882
29.140000000000 0.009492227386
29.160000000000 0.009331266323
29.180000000000 0.009307054409
29.200000000000 0.009327039512
29.220000000000 0.009310970047
29.240000000000 0.009241833578
29.260000000000 0.009181191853
29.280000000000 0.009237781339
29.300000000000 0.009501422444
29.320000000000 0.009973539981
29.340000000000 0.010531044023
29.360000000000 0.010947987567
29.380000000000 0.010973727832
29.400000000000 0.010438596358
29.420000000000 0.009341556711
29.440000000000 0.007877828883
29.460000000000 0.006387846080
29.480000000000 0.005242573428
29.500000000000 0.004709148075
29.520000000000 0.004851464392
29.540000000000 0.005507155522
29.560000000000 0.006350717039
29.580000000000 0.007016265077
29.600000000000 0.007228892464
29.620000000000 0.006891733267
29.640000000000 0.006097131258
29.660000000000 0.005064507778
29.680000000000 0.004038645706
29.700000000000 0.003196044176
29.720000000000 0.002598218062
29.740000000000 0.002204789833
29.760000000000 0.001929466390
29.780000000000 0.001703217859
29.800000000000 0.001509779918
29.820000000000 0.001377382397
29.840000000000 0.001336673223
29.860000000000 0.001374076983
29.880000000000 0.001412160962
29.900000000000 0.001332978658
29.920000000000 0.001035382570
29.940000000000 0.000496517957
29.960000000000 -0.000197432436
29.980000000000 -0.000872417338
30.000000000000 -0.001334790975
30.020000000000 -0.001456981417
30.040000000000 -0.001240033902
30.060000000000 -0.000821799322
30.080000000000 -0.000424724634
30.100000000000 -0.000265924072
30.120000000000 -0.000470193295
30.140000000000 -0.001024934496
30.160000000000 -0.001795519421
30.180000000000 -0.002590725067
30.200000000000 -0.003244926322
30.220000000000 -0.003677894484
30.240000000000 -0.003906676974
30.260000000000 -0.004009599851
30.280000000000 -0.004066564776
30.300000000000 -0.004110229125
30.320000000000 -0.004114468705
30.340000000000 -0.004024599278
30.360000000000 -0.003810112105
30.380000000000 -0.003507832227
30.400000000000 -0.003228212865
30.420000000000 -0.003117327251
30.440000000000 -0.003291456180
30.460000000000 -0.003777066525
30.480000000000 -0.004487903994
30.500000000000 -0.005253198629
30.520000000000 -0.005885590246
30.540000000000 -0.006257309141
30.560000000000 -0.006348669955
30.580000000000 -0.006246350834
30.600000000000 -0.006093434965
30.620000000000 -0.006016441246
30.640000000000 -0.006065014577
30.660000000000 -0.006192662602
30.680000000000 -0.006285973969
30.700000000000 -0.006225912141
30.720000000000 -0.005949933113
30.740000000000 -0.005484799877
30.760000000000 -0.004935789276
30.780000000000 -0.004439950380
30.800000000000 -0.004107957373
30.820000000000 -0.003982810613
30.840000000000 -0.004033155781
30.860000000000 -0.004180517009
30.880000000000 -0.004343149787
30.900000000000 -0.004472793744
30.920000000000 -0.004566860800
30.940000000000 -0.004653322048
30.960000000000 -0.004760414447
30.980000000000 -0.004890414485
31.000000000000 -0.005012853788
31.020000000000 -0.005080477584
31.040000000000 -0.005058004405
31.060000000000 -0.004946617730
31.080000000000 -0.004789719842
31.100000000000 -0.004655987249
31.120000000000 -0.004608178524
31.140000000000 -0.004673696038
31.160000000000 -0.004831745696
31.180000000000 -0.005023064279
31.200000000000 -0.005176639153
31.220000000000 -0.005239807365
31.240000000000 -0.005197526621
31.260000000000 -0.005073192064
31.280000000000 -0.004913097969
31.300000000000 -0.004764171426
31.320000000000 -0.004656282800
31.340000000000 -0.004596141465
31.360000000000 -0.004572649909
31.380000000000 -0.004567922954
31.400000000000 -0.004566878455
31.420000000000 -0.004561312828
31.440000000000 -0.004549021950
31.460000000000 -0.004531463961
31.480000000000 -0.004512890007
31.500000000000 -0.004500684939
31.520000000000 -0.004503749437
31.540000000000 -0.004525922984
31.560000000000 -0.004555299130
31.580000000000 -0.004555494329
31.600000000000 -0.004467502231
31.620000000000 -0.004227639876
31.640000000000 -0.003798535177
31.660000000000 -0.003200252004
31.680000000000 -0.002523606326
31.700000000000 -0.001912060575
31.720000000000 -0.001512147464
31.740000000000 -0.001409465133
31.760000000000 -0.001578973838
31.780000000000 -0.001877048562
31.800000000000 -0.002086809707
31.820000000000 -0.002003680864
31.840000000000 -0.001526440843
31.860000000000 -0.000711814904
31.880000000000 0.000236646479
31.900000000000 0.001046206216
31.920000000000 0.001488349171
31.940000000000 0.001477925832
31.960000000000 0.001111455935
31.980000000000 0.000624130856
32.000000000000 0.000282477092
32.020000000000 0.000260780175
32.040000000000 0.000558810935
32.060000000000 0.001000681313
32.080000000000 0.001317379160
32.100000000000 0.001276054119
32.120000000000 0.000796334577
32.140000000000 -0.000000958632
32.160000000000 -0.000836467113
32.180000000000 -0.001387936348
32.200000000000 -0.001426965092
32.220000000000 -0.000915827280
32.240000000000 -0.000022413318
32.260000000000 0.000950933836
32.280000000000 0.001690697421
32.300000000000 0.001992610338
32.320000000000 0.001829267318
32.340000000000 0.001341953294
32.360000000000 0.000768496411
32.380000000000 0.000344732996
32.400000000000 0.000222925775
32.420000000000 0.000435942264
32.440000000000 0.000910867340
32.460000000000 0.001513783532
32.480000000000 0.002099057317
32.500000000000 0.002543411583
32.520000000000 0.002760491503
32.540000000000 0.002704773366
32.560000000000 0.002376485887
32.580000000000 0.001831106762
32.600000000000 0.001184860524
32.620000000000 0.000601329444
32.640000000000 0.000250154304
32.660000000000 0.000245218520
32.680000000000 0.000587344616
32.700000000000 0.001143497477
32.720000000000 0.001683574854
32.740000000000 0.001969695063
32.760000000000 0.001863746558
32.780000000000 0.001402900105
32.800000000000 0.000800893590
32.820000000000 0.000364424465
32.840000000000 0.000355324749
32.860000000000 0.000859879263
32.880000000000 0.001729616284
32.900000000000 0.002628856993
32.920000000000 0.003175096288
32.940000000000 0.003112026633
32.960000000000 0.002435042755
32.980000000000 0.001407022125
33.000000000000 0.000451408961
33.020000000000 -0.000032446738
33.040000000000 0.000151921923
33.060000000000 0.000908623598
33.080000000000 0.001892506896
33.100000000000 0.002666316919
33.120000000000 0.002899443706
33.140000000000 0.002515821808
33.160000000000 0.001722509248
33.180000000000 0.000907063430
33.200000000000 0.000453806585
33.220000000000 0.000566576035
33.240000000000 0.001180738691
33.260000000000 0.002002985849
33.280000000000 0.002655745566
33.300000000000 0.002854132389
33.320000000000 0.002530579483
33.340000000000 0.001850860939
33.360000000000 0.001119915707
33.380000000000 0.000629103553
33.400000000000 0.000522192849
33.420000000000 0.000743906562
33.440000000000 0.001090486711
33.460000000000 0.001329860950
33.480000000000 0.001325920523
33.500000000000 0.001103034985
33.520000000000 0.000820986611
33.540000000000 0.000678330575
33.560000000000 0.000798709161
33.580000000000 0.001161441842
33.600000000000 0.001612264561
33.620000000000 0.001946648381
33.640000000000 0.002019875492
33.660000000000 0.001824858101
33.680000000000 0.001496854858
33.700000000000 0.001243531814
33.720000000000 0.001238153388
33.740000000000 0.001532396738
33.760000000000 0.002033903558
33.780000000000 0.002558738699
33.800000000000 0.002929228731
33.820000000000 0.003064235678
33.840000000000 0.003013934811
33.860000000000 0.002921600884
33.880000000000 0.002934351257
33.900000000000 0.003112218543
33.920000000000 0.003385818347
33.940000000000 0.003586852525
33.960000000000 0.003536604102
33.980000000000 0.003146166518
34.000000000000 0.002475062539
34.020000000000 0.001715972613
34.040000000000 0.001111520442
34.060000000000 0.000844446148
34.080000000000 0.000956508369
34.100000000000 0.001336751322
34.120000000000 0.001784016246
34.140000000000 0.002110418217
34.160000000000 0.002231831111
34.180000000000 0.002198961067
34.200000000000 0.002154338118
34.220000000000 0.002239867210
34.240000000000 0.002505839745
34.260000000000 0.002871683101
34.280000000000 0.003161395874
34.300000000000 0.003196727469
34.320000000000 0.002899535271
34.340000000000 0.002348112675
34.360000000000 0.001754544903
34.380000000000 0.001370296039
34.400000000000 0.001364843043
34.420000000000 0.001737834991
34.440000000000 0.002310496178
34.460000000000 0.002803699402
34.480000000000 0.002967200075
34.500000000000 0.002698388168
34.520000000000 0.002092827625
34.540000000000 0.001401195588
34.560000000000 0.000912297666
34.580000000000 0.000817598574
34.600000000000 0.001121714430
34.620000000000 0.001641235994
34.640000000000 0.002091922453
34.660000000000 0.002222289020
34.680000000000 0.001930094496
34.700000000000 0.001307242779
34.720000000000 0.000593335881
34.740000000000 0.000061514711
34.760000000000 -0.000108516852
34.780000000000 0.000089211781
34.800000000000 0.000489311238
34.820000000000 0.000836381648
34.840000000000 0.000904991371
34.860000000000 0.000601428969
34.880000000000 0.000000996427
34.900000000000 -0.000693676549
34.920000000000 -0.001250704341
34.940000000000 -0.001515816121
34.960000000000 -0.001478601081
34.980000000000 -0.001269727818
35.000000000000 -0.001093717978
35.020000000000 -0.001130946866
35.040000000000 -0.001454624203
35.060000000000 -0.001999103685
35.080000000000 -0.002590678552
35.100000000000 -0.003023588259
35.120000000000 -0.003145400924
35.140000000000 -0.002914832348
35.160000000000 -0.002410407586
35.180000000000 -0.001791736064
35.200000000000 -0.001235233160
35.220000000000 -0.000874158561
35.240000000000 -0.000766540276
35.260000000000 -0.000898477130
35.280000000000 -0.001213105242
35.300000000000 -0.001645430610
35.320000000000 -0.002144258448
35.340000000000 -0.002672805359
35.360000000000 -0.003193085147
35.380000000000 -0.003648608837
35.400000000000 -0.003960693095
35.420000000000 -0.004045737258
35.440000000000 -0.003848576336
35.460000000000 -0.003376817498
35.480000000000 -0.002718130583
35.500000000000 -0.002028396008
35.520000000000 -0.001490790054
35.540000000000 -0.001258800478
35.560000000000 -0.001404019225
35.580000000000 -0.001888862726
35.600000000000 -0.002575383869
35.620000000000 -0.003267819184
35.640000000000 -0.003773982970
35.660000000000 -0.003963998929
35.680000000000 -0.003806499273
35.700000000000 -0.003371306573
35.720000000000 -0.002799980145
35.740000000000 -0.002256605887
35.760000000000 -0.001876864437
35.780000000000 -0.001732101460
35.800000000000 -0.001818001200
35.820000000000 -0.002067783280
35.840000000000 -0.002381507546
35.860000000000 -0.002659053089
35.880000000000 -0.002825581888
35.900000000000 -0.002843534460
35.920000000000 -0.002711672989
35.940000000000 -0.002456433796
35.960000000000 -0.002122033726
35.980000000000 -0.001763411333
36.000000000000 -0.001441931082
36.020000000000 -0.001220410476
36.040000000000 -0.001153529887
36.060000000000 -0.001272563782
36.080000000000 -0.001568230425
36.100000000000 -0.001979589746
36.120000000000 -0.002397624529
36.140000000000 -0.002688143213
36.160000000000 -0.002730942883
36.180000000000 -0.002463849606
36.200000000000 -0.001915235720
36.220000000000 -0.001209883125
36.240000000000 -0.000541122605
36.260000000000 -0.000114520111
36.280000000000 -0.000080275075
36.300000000000 -0.000477884504
36.320000000000 -0.001214309182
36.340000000000 -0.002086045568
36.360000000000 -0.002839892662
36.380000000000 -0.003252714856
36.400000000000 -0.003202862626
36.420000000000 -0.002708298612
36.440000000000 -0.001918162666
36.460000000000 -0.001061117343
36.480000000000 -0.000369061251
36.500000000000 -0.000003004546
36.520000000000 -0.000006216044
36.540000000000 -0.000299165193
36.560000000000 -0.000715574703
36.580000000000 -0.001064819996
36.600000000000 -0.001197903477
36.620000000000 -0.001054648644
36.640000000000 -0.000677737719
36.660000000000 -0.000191329744
36.680000000000 0.000246219264
36.700000000000 0.000498365368
36.720000000000 0.000496405294
36.740000000000 0.000261173287
36.760000000000 -0.000105612989
36.780000000000 -0.000456830813
36.800000000000 -0.000650672093
36.820000000000 -0.000600489665
36.840000000000 -0.000307722627
36.860000000000 0.000133452471
36.880000000000 0.000562807023
36.900000000000 0.000805289445
36.920000000000 0.000731364195
36.940000000000 0.000306526737
36.960000000000 -0.000388162580
36.980000000000 -0.001174288505
37.000000000000 -0.001829845592
37.020000000000 -0.002162062757
37.040000000000 -0.002074207111
37.060000000000 -0.001601402395
37.080000000000 -0.000900317659
37.100000000000 -0.000194228087
37.120000000000 0.000307652642
37.140000000000 0.000486572082
37.160000000000 0.000356658224
37.180000000000 0.000056004015
37.200000000000 -0.000210900261
37.220000000000 -0.000256967262
37.240000000000 0.000010992777
37.260000000000 0.000554094594
37.280000000000 0.001217011506
37.300000000000 0.001790712596
37.320000000000 0.002096097163
37.340000000000 0.002053919351
37.360000000000 0.001712739392
37.380000000000 0.001224912109
37.400000000000 0.000782746280
37.420000000000 0.000543202327
37.440000000000 0.000572852937
37.460000000000 0.000834233315
37.480000000000 0.001215410090
37.500000000000 0.001585665093
37.520000000000 0.001850212267
37.540000000000 0.001979951885
37.560000000000 0.002006227956
37.580000000000 0.001988137762
37.600000000000 0.001972475873
37.620000000000 0.001968054926
37.640000000000 0.001946727180
37.660000000000 0.001868277094
37.680000000000 0.001713510086
37.700000000000 0.001505916550
37.720000000000 0.001309033375
37.740000000000 0.001200214143
37.760000000000 0.001234565929
37.780000000000 0.001418304409
37.800000000000 0.001705792640
37.820000000000 0.002021770291
37.840000000000 0.002296658241
37.860000000000 0.002495765623
37.880000000000 0.002626675374
37.900000000000 0.002721308619
37.920000000000 0.002803588364
37.940000000000 0.002862278834
37.960000000000 0.002846434701
37.980000000000 0.002688698285
38.000000000000 0.002345763707
38.020000000000 0.001834368507
38.040000000000 0.001241566986
38.060000000000 0.000700282183
38.080000000000 0.000339256638
38.100000000000 0.000230997893
38.120000000000 0.000364032641
38.140000000000 0.000654522166
38.160000000000 0.000992256935
38.180000000000 0.001297501269
38.200000000000 0.001558200981
38.220000000000 0.001826208296
38.240000000000 0.002172577017
38.260000000000 0.002624960053
38.280000000000 0.003122426643
38.300000000000 0.003517136488
38.320000000000 0.003629862828
38.340000000000 0.003337798856
38.360000000000 0.002652871937
38.380000000000 0.001748180343
38.400000000000 0.000911205630
38.420000000000 0.000436343931
38.440000000000 0.000500170741
38.460000000000 0.001075291918
38.480000000000 0.001925349437
38.500000000000 0.002689559982
38.520000000000 0.003025164780
38.540000000000 0.002748825020
38.560000000000 0.001916390881
38.580000000000 0.000805952814
38.600000000000 -0.000189557491
38.620000000000 -0.000715312419
38.640000000000 -0.000589557651
38.660000000000 0.000133570975
38.680000000000 0.001195190027
38.700000000000 0.002238409342
38.720000000000 0.002942464612
38.740000000000 0.003129023001
38.760000000000 0.002802643954
38.780000000000 0.002119049551
38.800000000000 0.001305436032
38.820000000000 0.000572912559
38.840000000000 0.000056911526
38.860000000000 -0.000198191318
38.880000000000 -0.000217399469
38.900000000000 -0.000058676232
38.920000000000 0.000215293724
38.940000000000 0.000546119126
38.960000000000 0.000874252959
38.980000000000 0.001133723714
39.000000000000 0.001260124219
39.020000000000 0.001213589903
39.040000000000 0.001004991073
39.060000000000 0.000706852169
39.080000000000 0.000435586820
39.100000000000 0.000306495483
39.120000000000 0.000379554848
39.140000000000 0.000622645917
39.160000000000 0.000913678134
39.180000000000 0.001085581471
39.200000000000 0.000996776472
39.220000000000 0.000595563720
39.240000000000 -0.000052232662
39.260000000000 -0.000786741801
39.280000000000 -0.001418975445
39.300000000000 -0.001807627873
39.320000000000 -0.001912434147
39.340000000000 -0.001800250629
39.360000000000 -0.001603054549
39.380000000000 -0.001450151825
39.400000000000 -0.001408535314
39.420000000000 -0.001459901206
39.440000000000 -0.001523351729
39.460000000000 -0.001509393464
39.480000000000 -0.001375421727
39.500000000000 -0.001153123417
39.520000000000 -0.000933670061
39.540000000000 -0.000818992206
39.560000000000 -0.000865189030
39.580000000000 -0.001048189209
39.600000000000 -0.001270263933
39.620000000000 -0.001405011151
39.640000000000 -0.001358800546
39.660000000000 -0.001118312515
39.680000000000 -0.000760732029
39.700000000000 -0.000421594335
39.720000000000 -0.000235790447
39.740000000000 -0.000279655801
39.760000000000 -0.000540597228
39.780000000000 -0.000926666928
39.800000000000 -0.001309294985
39.820000000000 -0.001577595877
39.840000000000 -0.001679092668
39.860000000000 -0.001630241203
39.880000000000 -0.001495701508
39.900000000000 -0.001349801107
39.920000000000 -0.001240216934
39.940000000000 -0.001170257623
39.960000000000 -0.001105204071
39.980000000000 -0.000996160757
40.000000000000 -0.000807757342
40.020000000000 -0.000536566921
40.040000000000 -0.000213786872
40.060000000000 0.000105835410
40.080000000000 0.000361246271
40.100000000000 0.000500434198
40.120000000000 0.000489534293
40.140000000000 0.000316108989
40.160000000000 -0.000010341005
40.180000000000 -0.000458353561
40.200000000000 -0.000975617993
40.220000000000 -0.001494226907
40.240000000000 -0.001942572633
40.260000000000 -0.002262826170
40.280000000000 -0.002428390243
40.300000000000 -0.002453325545
40.320000000000 -0.002387672937
40.340000000000 -0.002298512975
40.360000000000 -0.002243664029
40.380000000000 -0.002249247273
40.400000000000 -0.002301272833
40.420000000000 -0.002355104462
40.440000000000 -0.002358219379
40.460000000000 -0.002275456672
40.480000000000 -0.002105180492
40.500000000000 -0.001879771851
40.520000000000 -0.001651793570
40.540000000000 -0.001473723523
40.560000000000 -0.001380947989
40.580000000000 -0.001384222746
40.600000000000 -0.001471585404
40.620000000000 -0.001614746272
40.640000000000 -0.001774291596
40.660000000000 -0.001901710986
40.680000000000 -0.001941432826
40.700000000000 -0.001838655898
40.720000000000 -0.001556225094
40.740000000000 -0.001096932998
40.760000000000 -0.000520536954
40.780000000000 0.000057411452
40.800000000000 0.000492173800
40.820000000000 0.000657117095
40.840000000000 0.000494365180
40.860000000000 0.000045591344
40.880000000000 -0.000554816205
40.900000000000 -0.001126223998
40.920000000000 -0.001510730876
40.940000000000 -0.001634737547
40.960000000000 -0.001534218055
40.980000000000 -0.001330529057
41.000000000000 -0.001167178423
41.020000000000 -0.001137816292
41.040000000000 -0.001241245373
41.060000000000 -0.001386663617
41.080000000000 -0.001447123367
41.100000000000 -0.001333809688
41.120000000000 -0.001051556352
41.140000000000 -0.000704210211
41.160000000000 -0.000443844024
41.180000000000 -0.000387924404
41.200000000000 -0.000547639963
41.220000000000 -0.000807840674
41.240000000000 -0.000974482503
41.260000000000 -0.000870663118
41.280000000000 -0.000434923037
41.300000000000 0.000229674434
41.320000000000 0.000885922152
41.340000000000 0.001264160936
41.360000000000 0.001190246402
41.380000000000 0.000678234665
41.400000000000 -0.000060412872
41.420000000000 -0.000701201728
41.440000000000 -0.000949574443
41.460000000000 -0.000677427118
41.480000000000 0.000011610102
41.500000000000 0.000821420027
41.520000000000 0.001392131738
41.540000000000 0.001461013617
41.560000000000 0.000982289555
41.580000000000 0.000150942100
41.600000000000 -0.000680456540
41.620000000000 -0.001153973611
41.640000000000 -0.001058886804
41.660000000000 -0.000417224362
41.680000000000 0.000532985447
41.700000000000 0.001444980836
41.720000000000 0.002009654290
41.740000000000 0.002075418767
41.760000000000 0.001692236201
41.780000000000 0.001067961916
41.800000000000 0.000464978127
41.820000000000 0.000088638793
41.840000000000 0.000016787781
41.860000000000 0.000195026447
41.880000000000 0.000489317960
41.900000000000 0.000762519050
41.920000000000 0.000935533193
41.940000000000 0.001007491449
41.960000000000 0.001033459813
41.980000000000 0.001079296731
42.000000000000 0.001181191429
42.020000000000 0.001329907892
42.040000000000 0.001482987184
42.060000000000 0.001592449782
42.080000000000 0.001629367441
42.100000000000 0.001592182708
42.120000000000 0.001498058028
42.140000000000 0.001367491130
42.160000000000 0.001215219100
42.180000000000 0.001053886229
42.200000000000 0.000905919335
42.220000000000 0.000811224901
42.240000000000 0.000819363031
42.260000000000 0.000964782450
42.280000000000 0.001236658004
42.300000000000 0.001562484484
42.320000000000 0.001821015470
42.340000000000 0.001885899608
42.360000000000 0.001683551034
42.380000000000 0.001237448408
42.400000000000 0.000673598662
42.420000000000 0.000178616119
42.440000000000 -0.000074832376
42.460000000000 -0.000002450204
42.480000000000 0.000352922813
42.500000000000 0.000838650686
42.520000000000 0.001259914734
42.540000000000 0.001467075157
42.560000000000 0.001421715299
42.580000000000 0.001209713318
42.600000000000 0.000994887003
42.620000000000 0.000935514467
42.640000000000 0.001104115907
42.660000000000 0.001449257126
42.680000000000 0.001817575273
42.700000000000 0.002024942254
42.720000000000 0.001942164991
42.740000000000 0.001554346237
42.760000000000 0.000966734474
42.780000000000 0.000356355308
42.800000000000 -0.000105424263
42.820000000000 -0.000321665082
42.840000000000 -0.000298579815
42.860000000000 -0.000124165064
42.880000000000 0.000088251557
42.900000000000 0.000260393683
42.920000000000 0.000382542064
42.940000000000 0.000505164008
42.960000000000 0.000696160688
42.980000000000 0.000988703166
43.000000000000 0.001348495555
43.020000000000 0.001678270917
43.040000000000 0.001857677342
43.060000000000 0.001798734987
43.080000000000 0.001489628732
43.100000000000 0.001005861172
43.120000000000 0.000483879844
43.140000000000 0.000069794492
43.160000000000 -0.000133755647
43.180000000000 -0.000100477612
43.200000000000 0.000118263796
43.220000000000 0.000420448335
43.240000000000 0.000694291525
43.260000000000 0.000855380815
43.280000000000 0.000867264876
43.300000000000 0.000741907722
43.320000000000 0.000524909307
43.340000000000 0.000274553737
43.360000000000 0.000042958450
43.380000000000 -0.000136110603
43.400000000000 -0.000251922092
43.420000000000 -0.000315031672
43.440000000000 -0.000350356322
43.460000000000 -0.000386237893
43.480000000000 -0.000441631649
43.500000000000 -0.000515484973
43.520000000000 -0.000583633483
43.540000000000 -0.000607150731
43.560000000000 -0.000551395599
43.580000000000 -0.000408709730
43.600000000000 -0.000213353804
43.620000000000 -0.000038236710
43.640000000000 0.000029746992
43.660000000000 -0.000071936480
43.680000000000 -0.000346225958
43.700000000000 -0.000722934366
43.720000000000 -0.001077669710
43.740000000000 -0.001279130554
43.760000000000 -0.001245780688
43.780000000000 -0.000985779726
43.800000000000 -0.000599390006
43.820000000000 -0.000239490821
43.840000000000 -0.000045951706
43.860000000000 -0.000083492625
43.880000000000 -0.000312759601
43.900000000000 -0.000609680513
43.920000000000 -0.000825245067
43.940000000000 -0.000857767887
43.960000000000 -0.000702658563
43.980000000000 -0.000454793978
44.000000000000 -0.000261332463
44.020000000000 -0.000247248740
44.040000000000 -0.000449851096
44.060000000000 -0.000794866677
44.080000000000 -0.001126848031
44.100000000000 -0.001280264505
44.120000000000 -0.001157675613
44.140000000000 -0.000777714715
44.160000000000 -0.000270051467
44.180000000000 0.000180105623
44.200000000000 0.000411569647
44.220000000000 0.000353705142
44.240000000000 0.000050177845
44.260000000000 -0.000368529248
44.280000000000 -0.000747876807
44.300000000000 -0.000975830083
44.320000000000 -0.001022267693
44.340000000000 -0.000935764298
44.360000000000 -0.000804237377
44.380000000000 -0.000703115277
44.400000000000 -0.000658759806
44.420000000000 -0.000644606492
44.440000000000 -0.000608950094
44.460000000000 -0.000516470127
44.480000000000 -0.000379044174
44.500000000000 -0.000258021121
44.520000000000 -0.000235917516
44.540000000000 -0.000371949805
44.560000000000 -0.000664470900
44.580000000000 -0.001040128909
44.600000000000 -0.001376473342
44.620000000000 -0.001548646192
44.640000000000 -0.001479633932
44.660000000000 -0.001172343619
44.680000000000 -0.000710407373
44.700000000000 -0.000228409162
44.720000000000 0.000135434712
44.740000000000 0.000285389787
44.760000000000 0.000196778756
44.780000000000 -0.000081011093
44.800000000000 -0.000445246059
44.820000000000 -0.000775024412
44.840000000000 -0.000968685373
44.860000000000 -0.000972436743
44.880000000000 -0.000792970656
44.900000000000 -0.000491531693
44.920000000000 -0.000161581855
44.940000000000 0.000103498878
44.960000000000 0.000242858370
44.980000000000 0.000249642812
45.000000000000 0.000172572210
45.020000000000 0.000094986061
45.040000000000 0.000097697039
45.060000000000 0.000220142118
45.080000000000 0.000437346010
45.100000000000 0.000665336865
45.120000000000 0.000795702591
45.140000000000 0.000745788392
45.160000000000 0.000501603772
45.180000000000 0.000131482206
45.200000000000 -0.000239125568
45.220000000000 -0.000482637358
45.240000000000 -0.000528998874
45.260000000000 -0.000400300031
45.280000000000 -0.000201040712
45.300000000000 -0.000066148223
45.320000000000 -0.000090973971
45.340000000000 -0.000278704667
45.360000000000 -0.000534057524
45.380000000000 -0.000709812662
45.400000000000 -0.000685240783
45.420000000000 -0.000436971923
45.440000000000 -0.000063797105
45.460000000000 0.000251764460
45.480000000000 0.000330347106
45.500000000000 0.000089772517
45.520000000000 -0.000401879420
45.540000000000 -0.000944578227
45.560000000000 -0.001291927518
45.580000000000 -0.001265487330
45.600000000000 -0.000842685242
45.620000000000 -0.000173780607
45.640000000000 0.000483049990
45.660000000000 0.000879086462
45.680000000000 0.000888691211
45.700000000000 0.000563780023
45.720000000000 0.000102406652
45.740000000000 -0.000252705906
45.760000000000 -0.000334816464
45.780000000000 -0.000132573464
45.800000000000 0.000211160100
45.820000000000 0.000479213582
45.840000000000 0.000496623336
45.860000000000 0.000223036535
45.880000000000 -0.000226911139
45.900000000000 -0.000645459399
45.920000000000 -0.000842954166
45.940000000000 -0.000749553061
45.960000000000 -0.000453280202
45.980000000000 -0.000153562828
46.000000000000 -0.000053890933
46.020000000000 -0.000249718792
46.040000000000 -0.000671009362
46.060000000000 -0.001110918572
46.080000000000 -0.001327377461
46.100000000000 -0.001166045533
46.120000000000 -0.000641356378
46.140000000000 0.000066522965
46.160000000000 0.000697867829
46.180000000000 0.001038972835
46.200000000000 0.001023211928
46.220000000000 0.000756563244
46.240000000000 0.000455785660
46.260000000000 0.000332461113
46.280000000000 0.000483523772
46.300000000000 0.000844565541
46.320000000000 0.001228696636
46.340000000000 0.001428849881
46.360000000000 0.001328741672
46.380000000000 0.000964186117
46.400000000000 0.000503539622
46.420000000000 0.000159053788
46.440000000000 0.000076954496
46.460000000000 0.000264249940
46.480000000000 0.000589655054
46.500000000000 0.000856069038
46.520000000000 0.000904330684
46.540000000000 0.000692553879
46.560000000000 0.000310033637
46.580000000000 -0.000078947718
46.600000000000 -0.000328095657
46.620000000000 -0.000386525477
46.640000000000 -0.000318319161
46.660000000000 -0.000255082538
46.680000000000 -0.000310175239
46.700000000000 -0.000504742227
46.720000000000 -0.000748871295
46.740000000000 -0.000889870444
46.760000000000 -0.000801191603
46.780000000000 -0.000461454673
46.800000000000 0.000022859455
46.820000000000 0.000466878751
46.840000000000 0.000704240121
46.860000000000 0.000678635450
46.880000000000 0.000477804565
46.900000000000 0.000287692293
46.920000000000 0.000288195141
46.940000000000 0.000545734908
46.960000000000 0.000962729973
46.980000000000 0.001316001627
47.000000000000 0.001369167138
47.020000000000 0.001002869707
47.040000000000 0.000293802900
47.060000000000 -0.000502992478
47.080000000000 -0.001065263054
47.100000000000 -0.001155670389
47.120000000000 -0.000738941873
47.140000000000 -0.000003334301
47.160000000000 0.000727113050
47.180000000000 0.001147690997
47.200000000000 0.001118634262
47.220000000000 0.000728176845
47.240000000000 0.000241239576
47.260000000000 -0.000040154345
47.280000000000 0.000066295271
47.300000000000 0.000528921924
47.320000000000 0.001118232038
47.340000000000 0.001524748094
47.360000000000 0.001517924220
47.380000000000 0.001064750987
47.400000000000 0.000347684305
47.420000000000 -0.000326640334
47.440000000000 -0.000680588126
47.460000000000 -0.000602093859
47.480000000000 -0.000195415566
47.500000000000 0.000278486605
47.520000000000 0.000539802457
47.540000000000 0.000434294997
47.560000000000 0.000010375504
47.580000000000 -0.000509440951
47.600000000000 -0.000846269034
47.620000000000 -0.000809960834
47.640000000000 -0.000396832562
47.660000000000 0.000209186177
47.680000000000 0.000730953538
47.700000000000 0.000938374676
47.720000000000 0.000762580544
47.740000000000 0.000326996987
47.760000000000 -0.000118237284
47.780000000000 -0.000322964614
47.800000000000 -0.000159776105
47.820000000000 0.000317756848
47.840000000000 0.000907168630
47.860000000000 0.001359031343
47.880000000000 0.001494657178
47.900000000000 0.001281071670
47.920000000000 0.000830235802
47.940000000000 0.000330082925
47.960000000000 -0.000051263044
47.980000000000 -0.000236899976
48.000000000000 -0.000254784303
48.020000000000 -0.000194322285
48.040000000000 -0.000137695522
48.060000000000 -0.000108865507
48.080000000000 -0.000069355007
48.100000000000 0.000040015380
48.120000000000 0.000240603630
48.140000000000 0.000480242009
48.160000000000 0.000646565565
48.180000000000 0.000626062220
48.200000000000 0.000376823229
48.220000000000 -0.000028220702
48.240000000000 -0.000417375739
48.260000000000 -0.000593949136
48.280000000000 -0.000433514892
48.300000000000 0.000045188218
48.320000000000 0.000675077765
48.340000000000 0.001208524576
48.360000000000 0.001428052439
48.380000000000 0.001246820361
48.400000000000 0.000749370087
48.420000000000 0.000151985084
48.440000000000 -0.000298392639
48.460000000000 -0.000437538623
48.480000000000 -0.000254955011
48.500000000000 0.000110388078
48.520000000000 0.000444799548
48.540000000000 0.000565983790
48.560000000000 0.000407571312
48.580000000000 0.000042102983
48.600000000000 -0.000365132448
48.620000000000 -0.000644321497
48.640000000000 -0.000704898454
48.660000000000 -0.000573308866
48.680000000000 -0.000368844285
48.700000000000 -0.000233881418
48.720000000000 -0.000256965478
48.740000000000 -0.000428437842
48.760000000000 -0.000649293351
48.780000000000 -0.000785616224
48.800000000000 -0.000738377471
48.820000000000 -0.000492741308
48.840000000000 -0.000123988748
48.860000000000 0.000239361264
48.880000000000 0.000473603381
48.900000000000 0.000509437950
48.920000000000 0.000351371503
48.940000000000 0.000063162575
48.960000000000 -0.000267082967
48.980000000000 -0.000561073984
49.000000000000 -0.000767899627
49.020000000000 -0.000862442230
49.040000000000 -0.000834509890
49.060000000000 -0.000682477603
49.080000000000 -0.000418803358
49.100000000000 -0.000082910468
49.120000000000 0.000251985062
49.140000000000 0.000490854761
49.160000000000 0.000549599770
49.180000000000 0.000395735989
49.200000000000 0.000074839794
49.220000000000 -0.000296404013
49.240000000000 -0.000574242946
49.260000000000 -0.000652294124
49.280000000000 -0.000515706081
49.300000000000 -0.000255619861
49.320000000000 -0.000032009362
49.340000000000 0.000001238010
49.360000000000 -0.000225692438
49.380000000000 -0.000656524116
49.400000000000 -0.001126268271
49.420000000000 -0.001432836817
49.440000000000 -0.001430315120
49.460000000000 -0.001099277988
49.480000000000 -0.000559563934
49.500000000000 -0.000018506356
49.520000000000 0.000320921466
49.540000000000 0.000348145607
49.560000000000 0.000087754778
49.580000000000 -0.000321463848
49.600000000000 -0.000697965094
49.620000000000 -0.000901969415
49.640000000000 -0.000891251601
49.660000000000 -0.000723408780
49.680000000000 -0.000508825599
49.700000000000 -0.000343942618
49.720000000000 -0.000262851826
49.740000000000 -0.000232664658
49.760000000000 -0.000191896204
49.780000000000 -0.000105993724
49.800000000000 -0.000004135234
49.820000000000 0.000027783887
49.840000000000 -0.000102695550
49.860000000000 -0.000428415744
49.880000000000 -0.000879629959
49.900000000000 -0.001293777457
49.920000000000 -0.001480331588
49.940000000000 -0.001312435656
49.960000000000 -0.000799596273
49.980000000000 -0.000101588964
50.000000000000 0.000528946840
50.020000000000 0.000852310078
50.040000000000 0.000747536756
