0.40	-0.344270
0.42	-0.337169
0.44	-0.349671
0.46	-0.350899
0.48	-0.353293
0.50	-0.353588
0.52	-0.337540
0.54	-0.313562
0.56	-0.310545
0.58	-0.330667
0.60	-0.334297
0.62	-0.328686
0.64	-0.315114
0.66	-0.302328
0.68	-0.304642
0.70	-0.280503
0.72	-0.269279
0.74	-0.262265
0.76	-0.243140
0.78	-0.216030
0.80	-0.219056
0.82	-0.206362
0.84	-0.189241
0.86	-0.166431
0.88	-0.148407
0.90	-0.119109
0.92	-0.096694
0.94	-0.069422
0.96	-0.043473
0.98	-0.021350
1.00	0.000276
1.02	0.037214
1.04	0.082714
1.06	0.129131
1.08	0.152381
1.10	0.158705
1.12	0.129794
1.14	0.094781
1.16	0.089426
1.18	0.069970
1.20	0.065078
1.22	0.054808
1.24	0.060211
1.26	0.062875
1.28	0.088043
1.30	0.115945
1.32	0.152102
1.34	0.206723
1.36	0.274153
1.38	0.360744
1.40	0.441220
1.42	0.539375
1.44	0.659967
1.46	0.763748
1.48	0.740236
1.50	0.694519
1.52	0.663842
1.54	0.590844
1.56	0.514235
1.58	0.410984
1.60	0.318270
1.62	0.254117
1.64	0.206877
1.66	0.156435
1.68	0.131652
1.70	0.102926
1.72	0.096732
1.74	0.078403
1.76	0.060954
1.78	0.042059
1.80	0.026977
1.82	0.023969
1.84	0.027187
1.86	0.033498
1.88	0.021576
1.90	0.024552
1.92	0.012057
1.94	-0.002493
1.96	-0.012108
1.98	-0.001036
2.00	-0.001790
2.02	-0.008450
2.04	-0.016158
2.06	-0.014343
2.08	-0.007801
2.10	-0.011930
2.12	0.002398
2.14	0.001375
2.16	0.009614
2.18	0.027630
2.20	0.036747
2.22	0.041410
2.24	0.027882
2.26	0.038840
2.28	0.039160
2.30	0.032221
2.32	0.021751
2.34	0.013646
2.36	0.010878
2.38	0.008170
2.40	-0.001129
2.42	-0.002880
2.44	-0.003664
2.46	-0.002190
2.48	-0.003409
2.50	-0.012415
2.52	-0.011129
2.54	-0.017606
2.56	-0.020681
2.58	-0.023008
2.60	-0.026651
2.62	-0.034515
2.64	-0.045165
2.66	-0.055506
2.68	-0.066224
2.70	-0.074083
2.72	-0.076523
2.74	-0.073319
2.76	-0.078859
2.78	-0.092488
2.80	-0.106478
2.82	-0.118198
2.84	-0.124378
2.86	-0.129971
2.88	-0.133917
2.90	-0.137673
2.92	-0.139907
2.94	-0.147600
2.96	-0.154023
2.98	-0.163320
3.00	-0.166494
3.02	-0.171224
3.04	-0.172933
3.06	-0.177640
3.08	-0.183891
3.10	-0.187983
3.12	-0.186992
3.14	-0.188790
3.16	-0.193465
3.18	-0.192416
3.20	-0.194550
3.22	-0.189546
3.24	-0.183400
3.26	-0.175812
3.28	-0.177513
3.30	-0.177833
3.32	-0.175807
3.34	-0.169253
3.36	-0.168931
3.38	-0.166775
3.40	-0.167702
3.42	-0.172924
3.44	-0.171662
3.46	-0.167184
3.48	-0.159740
3.50	-0.156122
3.52	-0.153160
3.54	-0.148141
3.56	-0.142591
3.58	-0.131013
3.60	-0.122158
3.62	-0.107361
3.64	-0.099603
3.66	-0.088827
3.68	-0.084681
3.70	-0.072185
3.72	-0.070421
3.74	-0.058632
3.76	-0.050615
3.78	-0.049013
3.80	-0.037620
3.82	-0.030880
3.84	-0.022216
3.86	-0.013208
3.88	-0.008236
3.90	-0.002291
3.92	0.001853
3.94	0.001440
3.96	0.001994
3.98	0.012995
4.00	0.012858
4.02	0.018666
4.04	0.014930
4.06	0.011227
4.08	0.013220
4.10	0.013901
4.12	0.009567
4.14	0.006143
4.16	-0.000097
4.18	-0.000127
4.20	-0.003504
4.22	-0.008085
4.24	-0.011005
4.26	-0.010185
4.28	-0.009463
4.30	-0.007489
4.32	-0.010077
4.34	-0.012425
4.36	-0.018460
4.38	-0.020911
4.40	-0.025524
4.42	-0.026249
4.44	-0.027836
4.46	-0.032343
4.48	-0.039068
4.50	-0.040807
4.52	-0.037378
4.54	-0.034844
4.56	-0.041242
4.58	-0.045863
4.60	-0.050167
4.62	-0.054410
4.64	-0.059756
4.66	-0.062791
4.68	-0.066101
4.70	-0.067619
4.72	-0.067892
4.74	-0.070293
4.76	-0.076955
4.78	-0.076179
4.80	-0.080239
4.82	-0.082207
4.84	-0.084695
4.86	-0.087498
4.88	-0.090148
4.90	-0.090304
4.92	-0.090323
4.94	-0.093479
4.96	-0.096294
4.98	-0.095392
5.00	-0.094267
5.02	-0.097978
5.04	-0.093834
5.06	-0.098537
5.08	-0.100895
5.10	-0.102703
5.12	-0.103814
5.14	-0.103729
5.16	-0.106491
5.18	-0.106140
5.20	-0.104113
5.22	-0.106231
5.24	-0.105855
5.26	-0.105265
5.28	-0.103012
5.30	-0.106051
5.32	-0.102856
5.34	-0.100036
5.36	-0.099322
5.38	-0.093809
5.40	-0.091625
5.42	-0.088668
5.44	-0.086262
5.46	-0.080880
5.48	-0.074252
5.50	-0.067122
5.52	-0.062919
5.54	-0.055979
5.56	-0.048737
5.58	-0.039634
5.60	-0.034236
5.62	-0.023895
5.64	-0.016552
5.66	-0.004390
5.68	0.002203
5.70	0.015365
5.72	0.022520
5.74	0.029747
5.76	0.039183
5.78	0.048977
5.80	0.059648
5.82	0.069702
5.84	0.082431
5.86	0.093378
5.88	0.101195
5.90	0.115272
5.92	0.123889
5.94	0.131468
5.96	0.142788
5.98	0.152009
6.00	0.160185
6.02	0.168606
6.04	0.179320
6.06	0.188513
6.08	0.194023
6.10	0.199752
6.12	0.205806
6.14	0.209600
6.16	0.215487
6.18	0.221212
6.20	0.227748
6.22	0.232767
6.24	0.235844
6.26	0.236742
6.28	0.236136
6.30	0.235481
6.32	0.238097
6.34	0.237597
6.36	0.236852
6.38	0.238191
6.40	0.235316
6.42	0.232282
6.44	0.227855
6.46	0.228541
6.48	0.223205
6.50	0.223071
6.52	0.217616
6.54	0.213548
6.56	0.207315
6.58	0.199540
6.60	0.197604
6.62	0.190038
6.64	0.183030
6.66	0.175765
6.68	0.170517
6.70	0.161183
6.72	0.154860
6.74	0.148502
6.76	0.139207
6.78	0.133625
6.80	0.123980
6.82	0.116967
6.84	0.110854
6.86	0.101801
6.88	0.091291
6.90	0.085853
6.92	0.075627
6.94	0.068902
6.96	0.061314
6.98	0.055290
7.00	0.047308
7.02	0.038473
7.04	0.029758
7.06	0.021967
7.08	0.017392
7.10	0.013201
7.12	0.003981
7.14	-0.002124
7.16	-0.007254
7.18	-0.013639
7.20	-0.019330
7.22	-0.025123
7.24	-0.026789
7.26	-0.029489
7.28	-0.035470
7.30	-0.040484
7.32	-0.043973
7.34	-0.047798
7.36	-0.053886
7.38	-0.055972
7.40	-0.056712
7.42	-0.061492
7.44	-0.063926
7.46	-0.067898
7.48	-0.068489
7.50	-0.073747
7.52	-0.074539
7.54	-0.073763
7.56	-0.076108
7.58	-0.079927
7.60	-0.078384
7.62	-0.079265
7.64	-0.080359
7.66	-0.083172
7.68	-0.081185
7.70	-0.084815
7.72	-0.082557
7.74	-0.081386
7.76	-0.082669
7.78	-0.082357
7.80	-0.080244
7.82	-0.079631
7.84	-0.080295
7.86	-0.082899
7.88	-0.082453
7.90	-0.081427
7.92	-0.082569
7.94	-0.081349
7.96	-0.078684
7.98	-0.084603
8.00	-0.080719
8.02	-0.079495
8.04	-0.078949
8.06	-0.074980
8.08	-0.073214
8.10	-0.075696
8.12	-0.075368
8.14	-0.073422
8.16	-0.071368
8.18	-0.073213
8.20	-0.070870
8.22	-0.072112
8.24	-0.068269
8.26	-0.065243
8.28	-0.065911
8.30	-0.063522
8.32	-0.059518
8.34	-0.061490
8.36	-0.059085
8.38	-0.059074
8.40	-0.058370
8.42	-0.055607
8.44	-0.055243
8.46	-0.049760
8.48	-0.052330
8.50	-0.044992
8.52	-0.046722
8.54	-0.044150
8.56	-0.042654
8.58	-0.041618
8.60	-0.039668
8.62	-0.035231
8.64	-0.031663
8.66	-0.028301
8.68	-0.030002
8.70	-0.027020
8.72	-0.025366
8.74	-0.022737
8.76	-0.021751
8.78	-0.019898
8.80	-0.017550
8.82	-0.016478
8.84	-0.013932
8.86	-0.016097
8.88	-0.011923
8.90	-0.007643
8.92	-0.006998
8.94	-0.003284
8.96	-0.001530
8.98	0.000469
9.00	-0.001129
9.02	0.003614
9.04	0.001270
9.06	0.005623
9.08	0.006781
9.10	0.008489
9.12	0.010116
9.14	0.009340
9.16	0.015474
9.18	0.015129
9.20	0.017182
9.22	0.015916
9.24	0.018799
9.26	0.022874
9.28	0.021675
9.30	0.025683
9.32	0.027500
9.34	0.026761
9.36	0.029739
9.38	0.032203
9.40	0.030446
9.42	0.031904
9.44	0.034279
9.46	0.035150
9.48	0.038067
9.50	0.040644
9.52	0.037914
9.54	0.040906
9.56	0.038292
9.58	0.044581
9.60	0.044127
9.62	0.045836
9.64	0.046074
9.66	0.047164
9.68	0.046896
9.70	0.048366
9.72	0.048365
9.74	0.047172
9.76	0.044914
9.78	0.047228
9.80	0.045780
9.82	0.045707
9.84	0.047835
9.86	0.047321
9.88	0.045670
9.90	0.046448
9.92	0.047878
9.94	0.044864
9.96	0.043404
9.98	0.042018
10.00	0.040749
10.02	0.039011
10.04	0.039010
10.06	0.034764
10.08	0.032340
10.10	0.032349
10.12	0.032233
10.14	0.032129
10.16	0.030465
10.18	0.026092
10.20	0.025537
10.22	0.023617
10.24	0.022403
10.26	0.022361
10.28	0.019905
10.30	0.018480
10.32	0.017616
10.34	0.015217
10.36	0.015902
10.38	0.015768
10.40	0.012363
10.42	0.007720
10.44	0.010330
10.46	0.004251
10.48	0.003445
10.50	0.001813
10.52	0.002475
10.54	0.001389
10.56	0.002502
10.58	-0.001259
10.60	-0.001094
10.62	-0.002348
10.64	-0.002509
10.66	-0.002228
10.68	-0.005185
10.70	-0.006877
10.72	-0.008258
10.74	-0.009256
10.76	-0.012513
10.78	-0.011405
10.80	-0.010968
10.82	-0.008657
10.84	-0.014183
10.86	-0.014224
10.88	-0.012698
10.90	-0.017179
10.92	-0.015542
10.94	-0.018173
10.96	-0.017015
10.98	-0.015634
11.00	-0.017713
11.02	-0.017202
11.04	-0.021128
11.06	-0.022105
11.08	-0.019037
11.10	-0.017581
11.12	-0.018768
11.14	-0.020196
11.16	-0.020478
11.18	-0.017811
11.20	-0.018579
11.22	-0.017382
11.24	-0.014345
11.26	-0.021488
11.28	-0.017346
11.30	-0.015819
11.32	-0.016225
11.34	-0.018576
11.36	-0.019551
11.38	-0.014213
11.40	-0.012668
11.42	-0.012727
11.44	-0.012785
11.46	-0.014659
11.48	-0.010084
11.50	-0.009105
11.52	-0.010718
11.54	-0.008017
11.56	-0.006299
11.58	-0.005929
11.60	-0.009141
11.62	-0.007522
11.64	-0.007550
11.66	-0.003993
11.68	-0.003699
11.70	-0.001890
11.72	-0.000134
11.74	0.000998
11.76	0.001865
11.78	0.001710
11.80	0.005681
11.82	0.006927
11.84	0.005861
11.86	0.007727
11.88	0.006229
11.90	0.010706
11.92	0.009965
11.94	0.010531
11.96	0.015253
11.98	0.013892
12.00	0.011762
12.02	0.017286
12.04	0.012860
12.06	0.017598
12.08	0.016547
12.10	0.017692
12.12	0.018530
12.14	0.019317
12.16	0.016654
12.18	0.019324
12.20	0.020309
12.22	0.022691
12.24	0.019876
12.26	0.018791
12.28	0.020100
12.30	0.020498
12.32	0.018176
12.34	0.016614
12.36	0.014913
12.38	0.018399
12.40	0.013847
12.42	0.016511
12.44	0.016930
12.46	0.014794
12.48	0.011072
12.50	0.011349
12.52	0.012213
12.54	0.006412
12.56	0.009226
12.58	0.007460
12.60	0.002870
12.62	0.000608
12.64	0.001524
12.66	-0.000892
12.68	-0.000851
12.70	-0.002344
12.72	-0.005488
12.74	-0.007126
12.76	-0.006339
12.78	-0.011102
12.80	-0.012791
12.82	-0.010990
12.84	-0.013615
12.86	-0.018293
12.88	-0.016083
12.90	-0.020663
12.92	-0.023847
12.94	-0.023734
12.96	-0.023541
12.98	-0.026379
13.00	-0.027026
13.02	-0.028382
13.04	-0.031751
13.06	-0.031476
13.08	-0.034508
13.10	-0.035423
13.12	-0.031702
13.14	-0.031348
13.16	-0.031908
13.18	-0.034353
13.20	-0.033286
13.22	-0.031365
13.24	-0.034298
13.26	-0.035299
13.28	-0.035076
13.30	-0.033259
13.32	-0.031591
13.34	-0.033418
13.36	-0.034829
13.38	-0.030953
13.40	-0.030144
13.42	-0.032333
13.44	-0.027939
13.46	-0.027259
13.48	-0.025386
13.50	-0.026556
13.52	-0.024602
13.54	-0.023616
13.56	-0.021878
13.58	-0.019673
13.60	-0.020969
13.62	-0.020526
13.64	-0.018342
13.66	-0.016598
13.68	-0.016057
13.70	-0.014327
13.72	-0.011069
13.74	-0.009027
13.76	-0.008163
13.78	-0.004397
13.80	-0.006304
13.82	-0.004700
13.84	-0.003957
13.86	-0.002966
13.88	-0.001656
13.90	0.002553
13.92	0.004142
13.94	0.003054
13.96	0.004206
13.98	0.007745
14.00	0.009140
14.02	0.008997
14.04	0.009356
14.06	0.010578
14.08	0.012825
14.10	0.010197
14.12	0.012558
14.14	0.008806
14.16	0.016115
14.18	0.015645
14.20	0.015476
14.22	0.014210
14.24	0.018848
14.26	0.019004
14.28	0.019232
14.30	0.020636
14.32	0.018776
14.34	0.017916
14.36	0.021111
14.38	0.020261
14.40	0.023604
14.42	0.020984
14.44	0.022536
14.46	0.023988
14.48	0.027698
14.50	0.026718
14.52	0.024777
14.54	0.029298
14.56	0.025908
14.58	0.026493
14.60	0.025949
14.62	0.026261
14.64	0.025815
14.66	0.029373
14.68	0.029969
14.70	0.027282
14.72	0.029640
14.74	0.028238
14.76	0.029400
14.78	0.031236
14.80	0.031022
14.82	0.030855
14.84	0.033152
14.86	0.033312
14.88	0.030799
14.90	0.034048
14.92	0.033496
14.94	0.028480
14.96	0.031291
14.98	0.031040
15.00	0.029188
15.02	0.026561
15.04	0.028086
15.06	0.031185
15.08	0.030719
15.10	0.033117
15.12	0.031060
15.14	0.029030
15.16	0.032896
15.18	0.034862
15.20	0.028817
15.22	0.033689
15.24	0.027642
15.26	0.028128
15.28	0.027067
15.30	0.028178
15.32	0.027705
15.34	0.027336
15.36	0.026022
15.38	0.028411
15.40	0.024505
15.42	0.021187
15.44	0.024361
15.46	0.023953
15.48	0.021141
15.50	0.019546
15.52	0.021066
15.54	0.019071
15.56	0.011918
15.58	0.014382
15.60	0.013408
15.62	0.012925
15.64	0.012717
15.66	0.011416
15.68	0.009495
15.70	0.012127
15.72	0.010155
15.74	0.006142
15.76	0.006350
15.78	0.003749
15.80	0.000611
15.82	0.002725
15.84	-0.003038
15.86	-0.001572
15.88	-0.001260
15.90	-0.005663
15.92	-0.006807
15.94	-0.009604
15.96	-0.009339
15.98	-0.012977
16.00	-0.013544
16.02	-0.011430
16.04	-0.011785
16.06	-0.015013
16.08	-0.018057
16.10	-0.018810
16.12	-0.022374
16.14	-0.022564
16.16	-0.021665
16.18	-0.020917
16.20	-0.023889
16.22	-0.023808
16.24	-0.027031
16.26	-0.026662
16.28	-0.026684
16.30	-0.024344
16.32	-0.027641
16.34	-0.029279
16.36	-0.032296
16.38	-0.030649
16.40	-0.031440
16.42	-0.032468
16.44	-0.034099
16.46	-0.030093
16.48	-0.030304
16.50	-0.030727
16.52	-0.033388
16.54	-0.035595
16.56	-0.032079
16.58	-0.032259
16.60	-0.031898
16.62	-0.033220
16.64	-0.033368
16.66	-0.033944
16.68	-0.034189
16.70	-0.033230
16.72	-0.034801
16.74	-0.032481
16.76	-0.030845
16.78	-0.032092
16.80	-0.031475
16.82	-0.028396
16.84	-0.029713
16.86	-0.029350
16.88	-0.028888
16.90	-0.028758
16.92	-0.030663
16.94	-0.028203
16.96	-0.029483
16.98	-0.028987
17.00	-0.026282
17.02	-0.024996
17.04	-0.027635
17.06	-0.028131
17.08	-0.027943
17.10	-0.022857
17.12	-0.026601
17.14	-0.024016
17.16	-0.025587
17.18	-0.020234
17.20	-0.019649
17.22	-0.018962
17.24	-0.021711
17.26	-0.021487
17.28	-0.020955
17.30	-0.022057
17.32	-0.017441
17.34	-0.017475
17.36	-0.018051
17.38	-0.019200
17.40	-0.016002
17.42	-0.017412
17.44	-0.015915
17.46	-0.013521
17.48	-0.014857
17.50	-0.013543
17.52	-0.011707
17.54	-0.012188
17.56	-0.013293
17.58	-0.011458
17.60	-0.012210
17.62	-0.006502
17.64	-0.002956
17.66	-0.010109
17.68	-0.005735
17.70	-0.008967
17.72	-0.007656
17.74	-0.008159
17.76	-0.004433
17.78	-0.003664
17.80	-0.004334
17.82	-0.007526
17.84	-0.005775
17.86	-0.004580
17.88	-0.002882
17.90	0.001158
17.92	-0.001964
17.94	0.002845
17.96	0.001928
17.98	0.005312
18.00	-0.000881
18.02	-0.000385
18.04	-0.002530
18.06	0.001829
18.08	0.002602
18.10	0.007392
18.12	0.006800
18.14	0.004305
18.16	0.005873
18.18	0.006521
18.20	0.004538
18.22	0.007010
18.24	0.003690
18.26	0.006464
18.28	0.006258
18.30	0.007783
18.32	0.011249
18.34	0.009951
18.36	0.004376
18.38	0.008143
18.40	0.008304
18.42	0.006172
18.44	0.007399
18.46	0.004378
18.48	0.008047
18.50	0.008964
18.52	0.007856
18.54	0.008192
18.56	0.004165
18.58	0.007437
18.60	0.007869
18.62	0.009221
18.64	0.006380
18.66	0.005505
18.68	0.006207
18.70	0.006683
18.72	0.008892
18.74	0.008661
18.76	0.004077
18.78	0.006260
18.80	0.007127
18.82	0.005568
18.84	0.003805
18.86	0.002755
18.88	0.007050
18.90	0.005494
18.92	0.007787
18.94	0.008390
18.96	0.008022
18.98	0.008083
19.00	0.006538
19.02	0.004694
19.04	0.007057
19.06	0.005732
19.08	0.004220
19.10	0.007764
19.12	0.005661
19.14	0.011760
19.16	0.011948
19.18	0.010835
19.20	0.010731
19.22	0.006665
19.24	0.011920
19.26	0.013715
19.28	0.015595
19.30	0.013961
19.32	0.014295
19.34	0.011664
19.36	0.010924
19.38	0.007849
19.40	0.010612
19.42	0.010870
19.44	0.013301
19.46	0.019322
19.48	0.019225
19.50	0.016237
19.52	0.014821
19.54	0.016243
19.56	0.015217
19.58	0.015718
19.60	0.016504
19.62	0.019006
19.64	0.023279
19.66	0.019012
19.68	0.020908
19.70	0.020928
19.72	0.019396
19.74	0.017953
19.76	0.019733
19.78	0.020965
19.80	0.021712
19.82	0.023063
19.84	0.024420
19.86	0.020308
19.88	0.022524
19.90	0.018731
19.92	0.020329
19.94	0.023839
19.96	0.022608
19.98	0.021018
20.00	0.024148
20.02	0.026890
20.04	0.021267
20.06	0.022066
20.08	0.023642
20.10	0.021370
20.12	0.024336
20.14	0.021751
20.16	0.018677
20.18	0.019319
20.20	0.019029
20.22	0.022062
20.24	0.017017
20.26	0.015870
20.28	0.020671
20.30	0.012344
20.32	0.012319
20.34	0.015049
20.36	0.008441
20.38	0.012421
20.40	0.012813
20.42	0.011630
20.44	0.013745
20.46	0.008985
20.48	0.010335
20.50	0.010369
20.52	0.008035
20.54	0.007541
20.56	0.007115
20.58	0.005908
20.60	0.006062
20.62	0.004635
20.64	0.001698
20.66	0.005194
20.68	0.003293
20.70	0.002137
20.72	0.003656
20.74	0.000331
20.76	-0.000539
20.78	-0.002641
20.80	0.000445
20.82	0.000998
20.84	-0.000950
20.86	-0.001358
20.88	-0.003174
20.90	-0.003640
20.92	-0.006225
20.94	-0.005084
20.96	-0.002720
20.98	-0.003451
21.00	-0.006681
21.02	-0.009188
21.04	-0.010668
21.06	-0.011531
21.08	-0.011349
21.10	-0.013503
21.12	-0.015085
21.14	-0.004705
21.16	-0.005858
21.18	-0.008882
21.20	-0.012221
21.22	-0.012736
21.24	-0.011430
21.26	-0.008832
21.28	-0.015715
21.30	-0.020199
21.32	-0.019495
21.34	-0.018517
21.36	-0.015579
21.38	-0.012405
21.40	-0.017125
21.42	-0.017781
21.44	-0.018012
21.46	-0.019862
21.48	-0.019100
21.50	-0.018912
21.52	-0.022352
21.54	-0.022235
21.56	-0.022041
21.58	-0.026078
21.60	-0.026059
21.62	-0.025869
21.64	-0.022844
21.66	-0.022941
21.68	-0.025876
21.70	-0.027807
21.72	-0.025419
21.74	-0.025155
21.76	-0.028509
21.78	-0.026959
21.80	-0.025041
21.82	-0.022339
21.84	-0.023789
21.86	-0.028145
21.88	-0.029400
21.90	-0.027183
21.92	-0.026339
21.94	-0.025709
21.96	-0.027463
21.98	-0.028291
22.00	-0.025316
22.02	-0.025857
22.04	-0.028657
22.06	-0.021303
22.08	-0.023790
22.10	-0.028989
22.12	-0.027996
22.14	-0.024782
22.16	-0.026290
22.18	-0.025150
22.20	-0.026876
22.22	-0.022542
22.24	-0.022633
22.26	-0.024400
22.28	-0.022164
22.30	-0.021911
22.32	-0.023853
22.34	-0.022021
22.36	-0.020113
22.38	-0.020292
22.40	-0.020447
22.42	-0.018895
22.44	-0.015643
22.46	-0.020096
22.48	-0.021002
22.50	-0.018587
22.52	-0.011932
22.54	-0.014860
22.56	-0.017676
22.58	-0.016984
22.60	-0.012077
22.62	-0.011610
22.64	-0.009087
22.66	-0.011877
22.68	-0.013329
22.70	-0.010733
22.72	-0.007722
22.74	-0.004449
22.76	-0.004557
22.78	-0.002279
22.80	-0.004595
22.82	-0.002880
22.84	-0.002818
22.86	-0.001692
22.88	-0.002915
22.90	-0.004577
22.92	0.001250
22.94	0.003609
22.96	0.004057
22.98	0.002307
23.00	0.004640
23.02	0.003282
23.04	0.000995
23.06	0.000345
23.08	0.002755
23.10	0.005016
23.12	0.008690
23.14	0.010011
23.16	0.007970
23.18	0.008029
23.20	0.004999
23.22	0.002717
23.24	0.010002
23.26	0.009170
23.28	0.008887
23.30	0.006138
23.32	0.007719
23.34	0.012407
23.36	0.011933
23.38	0.007872
23.40	0.014122
23.42	0.012085
23.44	0.008235
23.46	0.013403
23.48	0.013250
23.50	0.015208
23.52	0.012055
23.54	0.010965
23.56	0.010152
23.58	0.010904
23.60	0.012166
23.62	0.015679
23.64	0.017466
23.66	0.016934
23.68	0.014834
23.70	0.013410
23.72	0.011366
23.74	0.015219
23.76	0.016507
23.78	0.012966
23.80	0.010433
23.82	0.015356
23.84	0.011749
23.86	0.013749
23.88	0.015478
23.90	0.014554
23.92	0.015831
23.94	0.013799
23.96	0.014498
23.98	0.009317
24.00	0.016169
24.02	0.016781
24.04	0.010314
24.06	0.010829
24.08	0.016476
24.10	0.015916
24.12	0.014237
24.14	0.010690
24.16	0.010741
24.18	0.013779
24.20	0.013855
24.22	0.009916
24.24	0.008684
24.26	0.011515
24.28	0.012078
24.30	0.014232
24.32	0.009825
24.34	0.009473
24.36	0.012154
24.38	0.011723
24.40	0.010776
24.42	0.013546
24.44	0.006963
24.46	0.006723
24.48	0.008261
24.50	0.008300
24.52	0.007037
24.54	0.004973
24.56	0.005686
24.58	0.005757
24.60	0.004661
24.62	0.007127
24.64	0.005434
24.66	0.011103
24.68	0.011274
24.70	0.009067
24.72	0.005944
24.74	0.005015
24.76	0.006245
24.78	0.003467
24.80	0.003724
24.82	0.005451
24.84	0.002138
24.86	0.002623
24.88	0.002452
24.90	0.004536
24.92	0.004019
24.94	-0.000264
24.96	-0.003718
24.98	0.001760
25.00	0.005835
25.02	0.005369
25.04	0.002451
25.06	0.006088
25.08	0.005253
25.10	0.002480
25.12	0.001419
25.14	0.004340
25.16	0.003275
25.18	-0.001170
25.20	0.000054
25.22	0.002669
25.24	0.001070
25.26	-0.000932
25.28	-0.002916
25.30	-0.000089
25.32	-0.002346
25.34	0.002685
25.36	0.003068
25.38	0.005798
25.40	0.003105
25.42	-0.002271
25.44	0.000097
25.46	0.000913
25.48	0.001244
25.50	0.000834
25.52	0.000995
25.54	0.000974
25.56	0.003335
25.58	-0.000139
25.60	0.003392
25.62	0.001810
25.64	0.000441
25.66	0.000815
25.68	-0.001360
25.70	-0.004990
25.72	-0.000212
25.74	-0.003730
25.76	-0.001729
25.78	-0.002881
25.80	-0.001555
25.82	0.000393
25.84	-0.002354
25.86	-0.000987
25.88	0.000631
25.90	0.001197
25.92	-0.000169
25.94	-0.003142
25.96	-0.004301
25.98	-0.001161
26.00	-0.002610
26.02	-0.003214
26.04	-0.002629
26.06	-0.004345
26.08	-0.007645
26.10	-0.003008
26.12	-0.002178
26.14	-0.009008
26.16	-0.003283
26.18	-0.003964
26.20	-0.004575
26.22	-0.001362
26.24	-0.001912
26.26	-0.003331
26.28	-0.006591
26.30	-0.010016
26.32	-0.002541
26.34	-0.000016
26.36	-0.007812
26.38	-0.007814
26.40	-0.002979
26.42	-0.006608
26.44	-0.008478
26.46	-0.006437
26.48	-0.009774
26.50	-0.014785
26.52	-0.011098
26.54	-0.004387
26.56	-0.007387
26.58	-0.006778
26.60	-0.007198
26.62	-0.009335
26.64	-0.010899
26.66	-0.009048
26.68	-0.011575
26.70	-0.009039
26.72	-0.010650
26.74	-0.013182
26.76	-0.007716
26.78	-0.013440
26.80	-0.012109
26.82	-0.010027
26.84	-0.017647
26.86	-0.009245
26.88	-0.005501
26.90	-0.012610
26.92	-0.012254
26.94	-0.008979
26.96	-0.011264
26.98	-0.013037
27.00	-0.014121
27.02	-0.014919
27.04	-0.006733
27.06	-0.003749
27.08	-0.005998
27.10	-0.010590
27.12	-0.013067
27.14	-0.009820
27.16	-0.010298
27.18	-0.009854
27.20	-0.010990
27.22	-0.010067
27.24	-0.007398
27.26	-0.010545
27.28	-0.007832
27.30	-0.010300
27.32	-0.015464
27.34	-0.016083
27.36	-0.012454
27.38	-0.005545
27.40	-0.009586
27.42	-0.007716
27.44	-0.005787
27.46	-0.008660
27.48	-0.008568
27.50	-0.007900
27.52	-0.003988
27.54	-0.002518
27.56	-0.003796
27.58	-0.002167
27.60	-0.007318
27.62	-0.004195
27.64	-0.006052
27.66	-0.003825
27.68	-0.004915
27.70	-0.003616
27.72	-0.007937
27.74	-0.006581
27.76	-0.002155
27.78	-0.005390
27.80	-0.004300
27.82	-0.001448
27.84	-0.003356
27.86	-0.007992
27.88	-0.005328
27.90	-0.003566
27.92	-0.005010
27.94	-0.006448
27.96	-0.002045
27.98	-0.000844
28.00	-0.001159
28.02	-0.005630
28.04	-0.004848
28.06	-0.000395
28.08	-0.000605
28.10	-0.003868
28.12	-0.001263
28.14	0.004017
28.16	0.001493
28.18	0.000058
28.20	0.001432
28.22	0.003107
28.24	0.003182
28.26	0.000955
28.28	0.002478
28.30	0.004819
28.32	0.001195
28.34	0.004601
28.36	0.004456
28.38	0.004317
28.40	0.004680
28.42	0.006658
28.44	0.008919
28.46	0.008374
28.48	0.001967
28.50	0.005235
28.52	0.005594
28.54	0.006763
28.56	0.005943
28.58	0.000733
28.60	0.002675
28.62	0.008704
28.64	0.010156
28.66	0.009900
28.68	0.010508
28.70	0.009283
28.72	0.008486
28.74	0.011204
28.76	0.013465
28.78	0.009829
28.80	0.009559
28.82	0.008403
28.84	0.003478
28.86	0.006558
28.88	0.006429
28.90	0.006886
28.92	0.010666
28.94	0.011004
28.96	0.012371
28.98	0.011958
29.00	0.012462
29.02	0.010342
29.04	0.011774
29.06	0.007311
29.08	0.003816
29.10	0.008745
29.12	0.012088
29.14	0.009966
29.16	0.008974
29.18	0.009864
29.20	0.009397
29.22	0.014485
29.24	0.012536
29.26	0.009651
29.28	0.006844
29.30	0.005251
29.32	0.008397
29.34	0.008465
29.36	0.008295
29.38	0.005395
29.40	0.007416
29.42	0.009234
29.44	0.009531
29.46	0.009432
29.48	0.008805
29.50	0.008111
29.52	0.008560
29.54	0.004597
29.56	0.002504
29.58	0.002307
29.60	0.007088
29.62	0.007173
29.64	0.003349
29.66	0.007157
29.68	0.009010
29.70	0.005223
29.72	0.000403
29.74	0.002078
29.76	0.002700
29.78	0.004355
29.80	0.004196
29.82	0.004284
29.84	0.004332
29.86	0.002831
29.88	0.001441
29.90	0.001503
29.92	0.003221
29.94	0.002058
29.96	-0.000638
29.98	0.000401
30.00	-0.000147
30.02	-0.003418
30.04	-0.006893
30.06	-0.005235
30.08	-0.005293
30.10	-0.004017
30.12	-0.003276
30.14	-0.002444
30.16	-0.006288
30.18	-0.008287
30.20	-0.005183
30.22	-0.005163
30.24	-0.005570
30.26	-0.003543
30.28	-0.000571
30.30	-0.000600
30.32	-0.005462
30.34	-0.005604
30.36	0.001990
30.38	-0.001513
30.40	-0.002809
30.42	0.000625
30.44	-0.002071
30.46	-0.008288
30.48	-0.005598
30.50	-0.002151
30.52	-0.002228
30.54	-0.003490
30.56	-0.002969
30.58	-0.005003
30.60	-0.008618
30.62	-0.007516
30.64	-0.008241
30.66	-0.012714
30.68	-0.009070
30.70	-0.003361
30.72	-0.004828
30.74	-0.009052
30.76	-0.006626
30.78	-0.006578
30.80	-0.009025
30.82	-0.008280
30.84	-0.005580
30.86	-0.004455
30.88	-0.006085
30.90	-0.005188
30.92	-0.003292
30.94	0.001049
30.96	-0.002848
30.98	-0.006976
31.00	-0.004779
31.02	-0.006293
31.04	-0.007686
31.06	-0.007205
31.08	-0.011363
31.10	-0.009865
31.12	-0.003472
31.14	-0.001390
31.16	-0.001966
31.18	-0.007972
31.20	-0.007861
31.22	-0.004804
31.24	-0.000982
31.26	-0.004542
31.28	-0.003392
31.30	0.000651
31.32	-0.003772
31.34	-0.005838
31.36	-0.005661
31.38	-0.004095
31.40	-0.007360
31.42	-0.006355
31.44	-0.004334
31.46	-0.004607
31.48	-0.003429
31.50	-0.001374
31.52	-0.006350
31.54	-0.010925
31.56	-0.005149
31.58	-0.004247
31.60	-0.002639
31.62	-0.002745
31.64	-0.005175
31.66	-0.001535
31.68	-0.002295
31.70	-0.006120
31.72	-0.004841
31.74	-0.007799
31.76	-0.005903
31.78	-0.000487
31.80	0.001897
31.82	0.000818
31.84	-0.001408
31.86	-0.000579
31.88	0.000584
31.90	0.002235
31.92	0.003933
31.94	0.003285
31.96	-0.000959
31.98	-0.003402
32.00	-0.003160
32.02	0.001949
32.04	-0.001011
32.06	-0.002516
32.08	-0.000178
32.10	0.002593
32.12	0.005049
32.14	0.002982
32.16	0.000221
32.18	0.001210
32.20	-0.001178
32.22	0.000373
32.24	0.000953
32.26	0.000302
32.28	-0.001777
32.30	0.000036
32.32	-0.000428
32.34	0.000516
32.36	0.001591
32.38	0.002550
32.40	0.001654
32.42	0.004123
32.44	0.002826
32.46	-0.000558
32.48	0.001182
32.50	-0.000116
32.52	0.001866
32.54	0.003063
32.56	0.003365
32.58	0.001401
32.60	-0.000033
32.62	0.002438
32.64	0.005220
32.66	0.003220
32.68	0.002774
32.70	0.005733
32.72	0.000413
32.74	-0.001946
32.76	-0.000606
32.78	-0.000207
32.80	0.000621
32.82	0.004175
32.84	0.001276
32.86	-0.000214
32.88	-0.004011
32.90	0.000528
32.92	0.000691
32.94	-0.000132
32.96	0.000720
32.98	0.001924
33.00	0.001566
33.02	0.000489
33.04	-0.000555
33.06	-0.001264
33.08	-0.003311
33.10	-0.000109
33.12	0.005797
33.14	0.007661
33.16	0.006125
33.18	0.004901
33.20	0.007601
33.22	0.003335
33.24	-0.000116
33.26	0.002541
33.28	0.001233
33.30	-0.001120
33.32	0.002726
33.34	0.002490
33.36	0.001360
33.38	0.002544
33.40	0.003158
33.42	0.001196
33.44	0.001685
33.46	0.006368
33.48	0.002874
33.50	-0.000798
33.52	-0.000615
33.54	-0.004597
33.56	-0.006009
33.58	-0.001544
33.60	-0.002485
33.62	-0.001338
33.64	0.001694
33.66	0.004394
33.68	0.003188
33.70	0.001894
33.72	0.003971
33.74	0.002867
33.76	0.000258
33.78	0.001858
33.80	0.003229
33.82	0.003088
33.84	0.002088
33.86	0.003121
33.88	0.003253
33.90	0.002433
33.92	0.001877
33.94	0.001450
33.96	0.003612
33.98	0.003483
34.00	0.006192
34.02	0.005890
34.04	0.001971
34.06	-0.000050
34.08	0.002140
34.10	0.003532
34.12	0.003075
34.14	0.001176
34.16	-0.001527
34.18	-0.003124
34.20	-0.000919
34.22	0.002208
34.24	0.004119
34.26	0.004647
34.28	0.002735
34.30	0.002679
34.32	0.000556
34.34	0.001586
34.36	0.002669
34.38	0.001672
34.40	-0.002914
34.42	0.002134
34.44	0.003624
34.46	0.003649
34.48	0.004952
34.50	0.002860
34.52	0.000028
34.54	-0.003847
34.56	-0.000150
34.58	0.004603
34.60	0.003780
34.62	0.004223
34.64	0.000668
34.66	-0.003099
34.68	-0.005211
34.70	0.000044
34.72	-0.001107
34.74	-0.000988
34.76	-0.000311
34.78	-0.000914
34.80	-0.000983
34.82	-0.002303
34.84	0.004430
34.86	0.004135
34.88	-0.005179
34.90	-0.005631
34.92	0.001544
34.94	0.004312
34.96	0.001138
34.98	-0.001831
35.00	-0.003237
35.02	-0.002083
35.04	-0.004931
35.06	-0.002941
35.08	-0.004524
35.10	-0.005144
35.12	0.000273
35.14	0.004474
35.16	0.002185
35.18	-0.001286
35.20	-0.003368
35.22	-0.005670
35.24	-0.004632
35.26	-0.000738
35.28	0.002454
35.30	-0.000127
35.32	-0.002481
35.34	-0.002253
35.36	-0.006157
35.38	-0.004799
35.40	0.000712
35.42	-0.003727
35.44	-0.007742
35.46	-0.006381
35.48	-0.004995
35.50	-0.004946
35.52	-0.008094
35.54	-0.004937
35.56	0.000588
35.58	0.000525
35.60	-0.001583
35.62	-0.004429
35.64	-0.004562
35.66	-0.004306
35.68	-0.001488
35.70	-0.003828
35.72	-0.005933
35.74	-0.005228
35.76	-0.003188
35.78	0.004404
35.80	0.002280
35.82	-0.001138
35.84	-0.001061
35.86	-0.001133
35.88	-0.002478
35.90	-0.001686
35.92	-0.005474
35.94	-0.003948
35.96	0.002237
35.98	0.001170
36.00	0.000810
36.02	-0.003177
36.04	-0.006130
36.06	-0.003070
36.08	-0.001309
36.10	-0.005446
36.12	-0.003080
36.14	0.001217
36.16	-0.000775
36.18	-0.005582
36.20	-0.003166
36.22	-0.001661
36.24	0.003222
36.26	-0.000832
36.28	-0.004830
36.30	-0.001901
36.32	0.002044
36.34	0.005593
36.36	0.002470
36.38	-0.001349
36.40	-0.004533
36.42	-0.007815
36.44	-0.004662
36.46	-0.002742
36.48	-0.004985
36.50	-0.002988
36.52	0.000744
36.54	0.001959
36.56	0.002262
36.58	-0.001932
36.60	-0.006648
36.62	-0.004978
36.64	-0.000378
36.66	0.003789
36.68	-0.001067
36.70	-0.003720
36.72	-0.003170
36.74	-0.001970
36.76	-0.000015
36.78	-0.000449
36.80	-0.000023
36.82	0.000171
36.84	-0.001520
36.86	-0.002054
36.88	0.004091
36.90	0.003262
36.92	-0.001187
36.94	0.000224
36.96	0.001923
36.98	0.000161
37.00	-0.002218
37.02	-0.001910
37.04	-0.002130
37.06	-0.001238
37.08	-0.000214
37.10	0.002348
37.12	0.002062
37.14	0.003549
37.16	0.005507
37.18	0.003680
37.20	0.001122
37.22	-0.003276
37.24	-0.001975
37.26	-0.000906
37.28	0.000816
37.30	0.000039
37.32	-0.000091
37.34	-0.000535
37.36	-0.001915
37.38	-0.001750
37.40	0.003285
37.42	0.007633
37.44	0.005021
37.46	-0.000227
37.48	-0.002626
37.50	0.001092
37.52	0.000773
37.54	0.001319
37.56	0.003446
37.58	0.002118
37.60	0.003514
37.62	0.003824
37.64	0.001902
37.66	-0.001440
37.68	-0.003472
37.70	0.000003
37.72	0.001066
37.74	-0.000854
37.76	0.003216
37.78	0.004461
37.80	0.000717
37.82	0.001265
37.84	0.006453
37.86	0.003458
37.88	0.001716
37.90	0.002186
37.92	0.001596
37.94	0.005015
37.96	0.004287
37.98	0.002369
38.00	0.002236
38.02	0.000619
38.04	0.002534
38.06	0.005634
38.08	0.009542
38.10	0.008493
38.12	0.002264
38.14	0.001319
38.16	0.004526
38.18	0.000495
38.20	-0.001836
38.22	-0.002192
38.24	0.000321
38.26	0.005060
38.28	0.004684
38.30	0.001611
38.32	0.001523
38.34	0.001989
38.36	0.002463
38.38	0.003149
38.40	0.000262
38.42	-0.002005
38.44	-0.001047
38.46	0.002909
38.48	0.005297
38.50	0.006634
38.52	0.001652
38.54	-0.002022
38.56	0.003591
38.58	0.006721
38.60	0.004127
38.62	0.001331
38.64	-0.000108
38.66	0.000811
38.68	0.005358
38.70	0.007710
38.72	0.004864
38.74	0.001619
38.76	-0.000376
38.78	0.003148
38.80	0.004852
38.82	0.003541
38.84	0.005518
38.86	0.005362
38.88	0.004058
38.90	0.001169
38.92	-0.001945
38.94	-0.002094
38.96	-0.003115
38.98	-0.002968
39.00	-0.001206
39.02	-0.000175
39.04	0.002233
39.06	0.005445
39.08	0.007086
39.10	0.004171
39.12	-0.004354
39.14	-0.007771
39.16	-0.004579
39.18	-0.004310
39.20	-0.002607
39.22	-0.002742
39.24	-0.004194
39.26	-0.003076
39.28	-0.005299
39.30	-0.004354
39.32	-0.005193
39.34	-0.005402
39.36	-0.002665
39.38	-0.003477
39.40	-0.001292
39.42	-0.001620
39.44	-0.001975
39.46	-0.000916
39.48	0.002213
39.50	-0.000575
39.52	-0.001685
39.54	-0.002158
39.56	-0.004423
39.58	-0.003008
39.60	-0.001335
39.62	-0.000553
39.64	-0.002745
39.66	-0.002941
39.68	-0.001284
39.70	-0.001646
39.72	-0.002058
39.74	-0.000367
39.76	0.002085
39.78	0.001504
39.80	-0.003823
39.82	-0.006554
39.84	-0.003542
39.86	-0.000473
39.88	-0.002389
39.90	0.000071
39.92	0.002197
39.94	-0.000687
39.96	-0.001576
39.98	0.000743
40.00	-0.001599
40.02	-0.004200
40.04	-0.002432
40.06	-0.000701
40.08	-0.005654
40.10	-0.007282
40.12	-0.004036
40.14	-0.004850
40.16	-0.006444
40.18	-0.006134
40.20	-0.003679
40.22	-0.000441
40.24	0.000300
40.26	-0.001612
40.28	-0.005259
40.30	-0.007089
40.32	-0.004632
40.34	-0.002928
40.36	-0.002060
40.38	-0.000928
40.40	-0.004474
40.42	-0.005689
40.44	-0.000948
40.46	-0.000806
40.48	-0.002057
40.50	0.000320
40.52	-0.001428
40.54	-0.001608
40.56	0.002833
40.58	0.002962
40.60	0.000981
40.62	-0.002306
40.64	-0.003563
40.66	-0.005948
40.68	-0.003725
40.70	0.000239
40.72	0.003921
40.74	0.001307
40.76	-0.004974
40.78	-0.005292
40.80	-0.004922
40.82	-0.004592
40.84	-0.004449
40.86	-0.004939
40.88	-0.002630
40.90	-0.001374
40.92	-0.003508
40.94	-0.000443
40.96	0.003198
40.98	0.000558
41.00	-0.001496
41.02	-0.004121
41.04	-0.004891
41.06	-0.003989
41.08	-0.003018
41.10	-0.002898
41.12	-0.004160
41.14	-0.001852
41.16	-0.002269
41.18	-0.005309
41.20	-0.003284
41.22	-0.001644
41.24	0.001593
41.26	0.005730
41.28	0.005350
41.30	0.001098
41.32	-0.002738
41.34	-0.006544
41.36	-0.003958
41.38	0.001472
41.40	0.004135
41.42	0.005372
41.44	0.004597
41.46	0.001253
41.48	-0.002331
41.50	-0.001901
41.52	0.003274
41.54	0.003078
41.56	-0.003600
41.58	-0.003596
41.60	-0.000397
41.62	0.004521
41.64	0.004527
41.66	0.002047
41.68	0.001405
41.70	-0.002125
41.72	-0.006586
41.74	-0.005289
41.76	-0.003157
41.78	-0.001904
41.80	-0.001147
41.82	-0.002925
41.84	-0.003935
41.86	0.001863
41.88	0.001935
41.90	-0.000504
41.92	0.003187
41.94	0.001065
41.96	-0.002544
41.98	0.000333
42.00	0.000241
42.02	-0.001123
42.04	0.000502
42.06	0.001392
42.08	0.002967
42.10	0.003606
42.12	0.005823
42.14	0.006288
42.16	0.001310
42.18	0.002131
42.20	0.002900
42.22	-0.000391
42.24	-0.002069
42.26	0.002603
42.28	0.006659
42.30	0.003833
42.32	0.003781
42.34	0.002982
42.36	0.002070
42.38	0.003737
42.40	-0.001881
42.42	-0.004441
42.44	-0.003431
42.46	-0.005172
42.48	-0.004188
42.50	-0.003256
42.52	-0.001267
42.54	0.005655
42.56	0.001173
42.58	-0.005987
42.60	-0.005038
42.62	-0.000601
42.64	0.001815
42.66	-0.000151
42.68	-0.002693
42.70	0.000397
42.72	0.005273
42.74	0.003945
42.76	0.000191
42.78	-0.003540
42.80	-0.008142
42.82	-0.010105
42.84	-0.007694
42.86	-0.002069
42.88	0.000718
42.90	0.004709
42.92	0.005815
42.94	0.003406
42.96	0.000611
42.98	0.000594
43.00	0.001697
43.02	0.001432
43.04	0.000641
43.06	0.000708
43.08	0.003272
43.10	0.002724
43.12	0.003408
43.14	0.004318
43.16	0.003658
43.18	0.006587
43.20	0.007587
43.22	0.006080
43.24	0.003233
43.26	0.003813
43.28	0.001972
43.30	-0.003958
43.32	-0.004303
43.34	-0.003228
43.36	-0.001515
43.38	-0.001149
43.40	-0.004498
43.42	-0.002997
43.44	0.003096
43.46	0.008533
43.48	0.009072
43.50	0.003430
43.52	0.000468
43.54	0.000561
43.56	-0.000298
43.58	0.000629
43.60	-0.001147
43.62	-0.003960
43.64	-0.003774
43.66	0.001625
43.68	0.002538
43.70	-0.004292
43.72	-0.006552
43.74	-0.005478
43.76	-0.005365
43.78	-0.006132
43.80	-0.007377
43.82	-0.007607
43.84	-0.007347
43.86	-0.005675
43.88	-0.005172
43.90	-0.003246
43.92	-0.002171
43.94	-0.005380
43.96	-0.005591
43.98	-0.004907
44.00	-0.005771
44.02	-0.004268
44.04	-0.005563
44.06	-0.005777
44.08	-0.002017
44.10	-0.001203
44.12	0.000447
44.14	0.002612
44.16	0.000304
44.18	-0.000876
44.20	0.000318
44.22	-0.000905
44.24	0.000022
44.26	0.002062
44.28	0.000639
44.30	-0.000564
44.32	-0.002649
44.34	-0.004832
44.36	-0.001722
44.38	0.002229
44.40	0.001441
44.42	-0.000436
44.44	0.000532
44.46	-0.000683
44.48	-0.000803
44.50	0.002370
44.52	0.004270
44.54	0.002683
44.56	-0.001411
44.58	-0.003374
44.60	-0.005788
44.62	-0.006630
44.64	-0.003371
44.66	-0.002056
44.68	-0.003802
44.70	-0.004985
44.72	-0.003999
44.74	-0.002526
44.76	-0.002635
44.78	-0.002731
44.80	-0.002327
44.82	-0.002792
44.84	0.000126
44.86	0.004013
44.88	-0.000869
44.90	-0.004003
44.92	0.002990
44.94	0.001334
44.96	-0.006136
44.98	-0.001998
45.00	0.000624
45.02	-0.005411
45.04	-0.009644
45.06	-0.009446
45.08	-0.006516
45.10	-0.004262
45.12	-0.007835
45.14	-0.010871
45.16	-0.005271
45.18	-0.002354
45.20	-0.003197
45.22	-0.001545
45.24	0.000039
45.26	-0.000635
45.28	0.001637
45.30	0.003039
45.32	-0.001907
45.34	-0.004510
45.36	-0.004374
45.38	-0.001049
45.40	0.003964
45.42	0.001456
45.44	-0.005737
45.46	-0.007242
45.48	-0.005755
45.50	-0.005241
45.52	-0.000412
45.54	0.003883
45.56	0.002239
45.58	-0.000951
45.60	-0.003890
45.62	-0.005111
45.64	-0.000955
45.66	0.005567
45.68	0.006634
45.70	0.005863
45.72	0.006395
45.74	0.003989
45.76	0.002365
45.78	0.003625
45.80	0.000196
45.82	-0.001246
45.84	-0.000217
45.86	-0.003111
45.88	-0.006270
45.90	-0.007596
45.92	-0.005795
45.94	-0.001564
45.96	0.003294
45.98	0.006203
46.00	0.006574
46.02	0.002870
46.04	-0.000533
46.06	0.001804
46.08	0.002339
46.10	-0.001520
46.12	-0.000214
46.14	0.005846
46.16	0.006485
46.18	0.000165
46.20	-0.007380
46.22	-0.010114
46.24	-0.007479
46.26	-0.005672
46.28	-0.004958
46.30	-0.002237
46.32	-0.002045
46.34	-0.002473
46.36	0.000315
46.38	-0.000362
46.40	-0.005117
46.42	-0.003641
46.44	0.003724
46.46	0.006815
46.48	0.003654
46.50	0.002973
46.52	0.003060
46.54	0.002339
46.56	0.003116
46.58	0.002515
46.60	0.001025
46.62	0.001294
46.64	0.002811
46.66	0.003461
46.68	0.002449
46.70	0.000157
46.72	-0.002319
46.74	-0.002516
46.76	-0.001781
46.78	-0.001587
46.80	-0.000379
46.82	-0.002648
46.84	-0.006505
46.86	-0.004388
46.88	-0.001831
46.90	-0.001078
46.92	0.001210
46.94	0.005353
46.96	0.006577
46.98	0.003894
47.00	0.002564
47.02	0.005490
47.04	0.008453
47.06	0.007908
47.08	0.005744
47.10	0.002965
47.12	-0.001214
47.14	-0.004864
47.16	-0.002701
47.18	-0.002258
47.20	-0.006945
47.22	-0.007434
47.24	-0.003070
47.26	0.002191
47.28	0.005036
47.30	0.002340
47.32	-0.000614
47.34	0.001366
47.36	0.005595
47.38	0.003179
47.40	-0.001674
47.42	-0.001902
47.44	-0.000907
47.46	0.000321
47.48	0.000726
47.50	0.000079
47.52	-0.000262
47.54	-0.000853
47.56	-0.002779
47.58	-0.008444
47.60	-0.007019
47.62	0.003162
47.64	0.007281
47.66	0.005586
47.68	0.003376
47.70	-0.000865
47.72	-0.001625
47.74	0.001576
47.76	0.001059
47.78	0.000077
47.80	0.002157
47.82	0.002892
47.84	-0.000111
47.86	-0.004111
47.88	-0.006891
47.90	-0.008441
47.92	-0.005569
47.94	-0.000954
47.96	0.001714
47.98	0.003318
48.00	0.001363
48.02	-0.000882
48.04	-0.002622
48.06	-0.004362
48.08	-0.001732
48.10	0.000894
48.12	0.000327
48.14	-0.002425
48.16	-0.003015
48.18	0.002074
48.20	0.003616
48.22	-0.001883
48.24	-0.004879
48.26	-0.003200
48.28	0.000162
48.30	0.002183
48.32	-0.002233
48.34	-0.007330
48.36	-0.006124
48.38	-0.004688
48.40	-0.004443
48.42	-0.000790
48.44	0.003723
48.46	0.003900
48.48	0.001954
48.50	0.001450
48.52	0.000781
48.54	0.001497
48.56	0.002041
48.58	0.000421
48.60	0.002806
48.62	0.005851
48.64	0.004061
48.66	0.000073
48.68	-0.002824
48.70	0.001706
48.72	0.009595
48.74	0.009159
48.76	0.005565
48.78	0.003339
48.80	-0.001510
48.82	-0.003241
48.84	0.001396
48.86	0.002635
48.88	-0.002025
48.90	-0.003523
48.92	-0.000950
48.94	0.000855
48.96	0.002054
48.98	0.002036
49.00	-0.001043
49.02	-0.004937
49.04	-0.004658
49.06	0.000052
49.08	0.001081
49.10	-0.002373
49.12	-0.004588
49.14	-0.002452
49.16	0.000427
49.18	-0.001533
49.20	-0.000832
49.22	0.001808
49.24	0.004094
49.26	0.009591
49.28	0.008197
49.30	0.003079
49.32	0.002800
49.34	0.000343
49.36	-0.000615
49.38	0.002993
49.40	0.005992
49.42	0.007983
49.44	0.005138
49.46	-0.003246
49.48	-0.006060
49.50	0.000210
49.52	0.002520
49.54	-0.000963
49.56	-0.000765
49.58	0.005831
49.60	0.008726
49.62	0.005835
49.64	0.001899
49.66	-0.001336
49.68	-0.003207
49.70	-0.005767
49.72	-0.006654
49.74	-0.004129
49.76	-0.004394
49.78	-0.007868
49.80	-0.007361
49.82	-0.001915
49.84	0.003833
49.86	0.003244
49.88	0.000577
49.90	-0.000004
49.92	-0.003721
49.94	-0.006802
49.96	0.000006
49.98	0.006591
50.00	0.005512
50.02	0.004778
50.04	0.000751

