0.02	-0.489208
0.04	-0.489208
0.06	-0.489208
0.08	-0.489208
0.10	-0.489208
0.12	-0.489208
0.14	-0.489208
0.16	-0.489208
0.18	-0.489208
0.20	-0.489208
0.22	-0.489208
0.24	-0.489208
0.26	-0.489208
0.28	-0.489208
0.30	-0.489208
0.32	-0.489208
0.34	-0.489208
0.36	-0.489208
0.38	-0.489208
0.40	-0.489208
0.42	-0.489208
0.44	-0.489208
0.46	-0.489208
0.48	-0.489208
0.50	-0.489208
0.52	-0.489208
0.54	-0.489208
0.56	-0.489208
0.58	-0.489208
0.60	-0.489208
0.62	-0.489208
0.64	-0.489208
0.66	-0.489208
0.68	-0.489208
0.70	-0.489208
0.72	-0.489208
0.74	-0.489208
0.76	-0.489208
0.78	-0.489208
0.80	-0.489208
0.82	-0.489208
0.84	-0.489208
0.86	-0.489208
0.88	-0.489208
0.90	-0.489208
0.92	-0.489208
0.94	-0.389954
0.96	-0.191733
0.98	0.048310
1.00	0.315999
1.02	0.594719
1.04	0.862247
1.06	1.087245
1.08	1.229392
1.10	1.246354
1.12	1.107739
1.14	0.812170
1.16	0.400545
1.18	-0.041944
1.20	-0.399530
1.22	-0.489208
1.24	-0.421404
1.26	0.018495
1.28	0.704713
1.30	1.504025
1.32	2.242004
1.34	2.749105
1.36	2.907441
1.38	2.683298
1.40	2.134754
1.42	1.392180
1.44	0.618425
1.46	-0.037893
1.48	-0.480843
1.50	-0.489208
1.52	-0.489208
1.54	-0.489208
1.56	-0.489208
1.58	-0.489208
1.60	-0.489208
1.62	-0.489208
1.64	-0.489208
1.66	-0.489208
1.68	-0.489208
1.70	-0.489208
1.72	-0.489208
1.74	-0.489208
1.76	-0.489208
1.78	-0.489208
1.80	-0.489208
1.82	-0.489208
1.84	-0.489208
1.86	-0.489208
1.88	-0.489208
1.90	-0.416290
1.92	-0.296623
1.94	-0.176602
1.96	-0.075330
1.98	-0.002948
2.00	0.041755
2.02	0.070264
2.04	0.100599
2.06	0.152159
2.08	0.240347
2.10	0.371922
2.12	0.541869
2.14	0.732522
2.16	0.915500
2.18	1.056632
2.20	1.123322
2.22	1.092794
2.24	0.959018
2.26	0.735942
2.28	0.455529
2.30	0.160633
2.32	-0.105491
2.34	-0.309868
2.36	-0.437291
2.38	-0.489208
2.40	-0.489208
2.42	-0.471289
2.44	-0.446794
2.46	-0.435631
2.48	-0.440015
2.50	-0.452366
2.52	-0.461297
2.54	-0.458143
2.56	-0.441218
2.58	-0.416190
2.60	-0.392807
2.62	-0.379815
2.64	-0.380609
2.66	-0.391613
2.68	-0.404069
2.70	-0.408224
2.72	-0.397911
2.74	-0.373314
2.76	-0.340714
2.78	-0.309397
2.80	-0.287246
2.82	-0.277097
2.84	-0.275512
2.86	-0.274490
2.88	-0.265215
2.90	-0.242089
2.92	-0.205171
2.94	-0.159975
2.96	-0.114790
2.98	-0.076859
3.00	-0.049182
3.02	-0.029389
3.04	-0.011124
3.06	0.012819
3.08	0.047070
3.10	0.091562
3.12	0.141577
3.14	0.189810
3.16	0.229382
3.18	0.256350
3.20	0.270614
3.22	0.274932
3.24	0.272709
3.26	0.265772
3.28	0.253312
3.30	0.232522
3.32	0.200598
3.34	0.157051
3.36	0.105099
3.38	0.051350
3.40	0.003778
3.42	-0.031142
3.44	-0.050873
3.46	-0.057709
3.48	-0.057684
3.50	-0.057973
3.52	-0.063916
3.54	-0.076947
3.56	-0.094305
3.58	-0.110595
3.60	-0.120424
3.62	-0.120924
3.64	-0.113039
3.66	-0.101061
3.68	-0.090695
3.70	-0.086561
3.72	-0.090271
3.74	-0.099887
3.76	-0.110936
3.78	-0.118454
3.80	-0.119118
3.82	-0.112547
3.84	-0.101261
3.86	-0.089429
3.88	-0.081024
3.90	-0.078211
3.92	-0.080618
3.94	-0.085687
3.96	-0.089816
3.98	-0.089733
4.00	-0.083497
4.02	-0.070813
4.04	-0.052716
4.06	-0.030933
4.08	-0.007334
4.10	0.016281
4.12	0.038080
4.14	0.056020
4.16	0.067875
4.18	0.071647
4.20	0.066246
4.22	0.052139
4.24	0.031600
4.26	0.008320
4.28	-0.013546
4.30	-0.030579
4.32	-0.041037
4.34	-0.045174
4.36	-0.044791
4.38	-0.042254
4.40	-0.039429
4.42	-0.037013
4.44	-0.034531
4.46	-0.030954
4.48	-0.025579
4.50	-0.018711
4.52	-0.011761
4.54	-0.006716
4.56	-0.005218
4.58	-0.007715
4.60	-0.013106
4.62	-0.019104
4.64	-0.023149
4.66	-0.023489
4.68	-0.019916
4.70	-0.013818
4.72	-0.007526
4.74	-0.003258
4.76	-0.002129
4.78	-0.003693
4.80	-0.006203
4.82	-0.007453
4.84	-0.005801
4.86	-0.000896
4.88	0.006216
4.90	0.013645
4.92	0.019575
4.94	0.023121
4.96	0.024723
4.98	0.025895
5.00	0.028470
5.02	0.033699
5.04	0.041625
5.06	0.051011
5.08	0.059852
5.10	0.066208
5.12	0.069000
5.14	0.068400
5.16	0.065670
5.18	0.062574
5.20	0.060613
5.22	0.060454
5.24	0.061762
5.26	0.063477
5.28	0.064349
5.30	0.063484
5.32	0.060657
5.34	0.056292
5.36	0.051190
5.38	0.046165
5.40	0.041779
5.42	0.038269
5.44	0.035651
5.46	0.033866
5.48	0.032870
5.50	0.032584
5.52	0.032777
5.54	0.032967
5.56	0.032492
5.58	0.030729
5.60	0.027425
5.62	0.022938
5.64	0.018236
5.66	0.014597
5.68	0.013093
5.70	0.014079
5.72	0.016927
5.74	0.020184
5.76	0.022096
5.78	0.021338
5.80	0.017599
5.82	0.011777
5.84	0.005664
5.86	0.001240
5.88	-0.000124
5.90	0.001783
5.92	0.005954
5.94	0.010615
5.96	0.013977
5.98	0.014954
6.00	0.013540
6.02	0.010675
6.04	0.007714
6.06	0.005749
6.08	0.005127
6.10	0.005370
6.12	0.005527
6.14	0.004763
6.16	0.002856
6.18	0.000371
6.20	-0.001611
6.22	-0.002050
6.24	-0.000533
6.26	0.002444
6.28	0.005638
6.30	0.007611
6.32	0.007427
6.34	0.005130
6.36	0.001781
6.38	-0.001010
6.40	-0.001833
6.42	-0.000169
6.44	0.003316
6.46	0.007039
6.48	0.009210
6.50	0.008679
6.52	0.005515
6.54	0.001029
6.56	-0.002783
6.58	-0.004146
6.60	-0.002355
6.62	0.001834
6.64	0.006457
6.66	0.009152
6.68	0.008177
6.70	0.003193
6.72	-0.004545
6.74	-0.012662
6.76	-0.018622
6.78	-0.020737
6.80	-0.018817
6.82	-0.014184
6.84	-0.009067
6.86	-0.005661
6.88	-0.005252
6.90	-0.007785
6.92	-0.012026
6.94	-0.016202
6.96	-0.018813
6.98	-0.019253
7.00	-0.017973
7.02	-0.016156
7.04	-0.015090
7.06	-0.015539
7.08	-0.017411
7.10	-0.019846
7.12	-0.021659
7.14	-0.021915
7.16	-0.020358
7.18	-0.017514
7.20	-0.014429
7.22	-0.012201
7.24	-0.011520
7.26	-0.012423
7.28	-0.014361
7.30	-0.016501
7.32	-0.018115
7.34	-0.018855
7.36	-0.018815
7.38	-0.018372
7.40	-0.017921
7.42	-0.017660
7.44	-0.017522
7.46	-0.017286
7.48	-0.016774
7.50	-0.016014
7.52	-0.015268
7.54	-0.014895
7.56	-0.015132
7.58	-0.015915
7.60	-0.016841
7.62	-0.017324
7.64	-0.016874
7.66	-0.015356
7.68	-0.013106
7.70	-0.010826
7.72	-0.009287
7.74	-0.008987
7.76	-0.009904
7.78	-0.011486
7.80	-0.012878
7.82	-0.013291
7.84	-0.012349
7.86	-0.010252
7.88	-0.007685
7.90	-0.005509
7.92	-0.004384
7.94	-0.004490
7.96	-0.005478
7.98	-0.006649
8.00	-0.007298
8.02	-0.007031
8.04	-0.005930
8.06	-0.004486
8.08	-0.003341
8.10	-0.002967
8.12	-0.003433
8.14	-0.004370
8.16	-0.005133
8.18	-0.005098
8.20	-0.003937
8.22	-0.001767
8.24	0.000899
8.26	0.003356
8.28	0.004982
8.30	0.005451
8.32	0.004825
8.34	0.003484
8.36	0.001968
8.38	0.000797
8.40	0.000329
8.42	0.000712
8.44	0.001895
8.46	0.003666
8.48	0.005703
8.50	0.007614
8.52	0.008997
8.54	0.009528
8.56	0.009081
8.58	0.007819
8.60	0.006215
8.62	0.004941
8.64	0.004635
8.66	0.005615
8.68	0.007678
8.70	0.010085
8.72	0.011795
8.74	0.011886
8.76	0.010001
8.78	0.006612
8.80	0.002955
8.82	0.000605
8.84	0.000832
8.86	0.004004
8.88	0.009296
8.90	0.014889
8.92	0.018619
8.94	0.018836
8.96	0.015142
8.98	0.008661
9.00	0.001702
9.02	-0.003096
9.04	-0.003800
9.06	0.000005
9.08	0.007001
9.10	0.014596
9.12	0.019933
9.14	0.021003
9.16	0.017445
9.18	0.010678
9.20	0.003318
9.22	-0.001881
9.24	-0.003121
9.26	-0.000238
9.28	0.005301
9.30	0.011072
9.32	0.014735
9.34	0.014997
9.36	0.012087
9.38	0.007577
9.40	0.003630
9.42	0.002041
9.44	0.003475
9.46	0.007237
9.48	0.011635
9.50	0.014775
9.52	0.015392
9.54	0.013379
9.56	0.009772
9.58	0.006234
9.60	0.004287
9.62	0.004637
9.64	0.006902
9.66	0.009844
9.68	0.011977
9.70	0.012263
9.72	0.010575
9.74	0.007726
9.76	0.005062
9.78	0.003817
9.80	0.004534
9.82	0.006823
9.84	0.009551
9.86	0.011369
9.88	0.011342
9.90	0.009373
9.92	0.006256
9.94	0.003309
9.96	0.001791
9.98	0.002337
10.00	0.004684
10.02	0.007791
10.04	0.010300
10.06	0.011115
10.08	0.009862
10.10	0.007017
10.12	0.003669
10.14	0.001029
10.16	-0.000082
10.18	0.000441
10.20	0.002003
10.22	0.003610
10.24	0.004342
10.26	0.003753
10.28	0.002048
10.30	-0.000051
10.32	-0.001649
10.34	-0.002100
10.36	-0.001287
10.38	0.000336
10.40	0.001959
10.42	0.002781
10.44	0.002354
10.46	0.000762
10.48	-0.001438
10.50	-0.003479
10.52	-0.004727
10.54	-0.004945
10.56	-0.004375
10.58	-0.003605
10.60	-0.003285
10.62	-0.003826
10.64	-0.005209
10.66	-0.006987
10.68	-0.008479
10.70	-0.009068
10.72	-0.008478
10.74	-0.006915
10.76	-0.005010
10.78	-0.003583
10.80	-0.003323
10.82	-0.004509
10.84	-0.006874
10.86	-0.009681
10.88	-0.011981
10.90	-0.012954
10.92	-0.012218
10.94	-0.009993
10.96	-0.007043
10.98	-0.004427
11.00	-0.003123
11.02	-0.003683
11.04	-0.006010
11.06	-0.009372
11.08	-0.012642
11.10	-0.014676
11.12	-0.014726
11.14	-0.012711
11.16	-0.009261
11.18	-0.005507
11.20	-0.002689
11.22	-0.001715
11.24	-0.002837
11.26	-0.005562
11.28	-0.008837
11.30	-0.011440
11.32	-0.012426
11.34	-0.011478
11.36	-0.009005
11.38	-0.005979
11.40	-0.003549
11.42	-0.002603
11.44	-0.003435
11.46	-0.005645
11.48	-0.008312
11.50	-0.010356
11.52	-0.010959
11.54	-0.009866
11.56	-0.007466
11.58	-0.004625
11.60	-0.002346
11.62	-0.001397
11.64	-0.002047
11.66	-0.004002
11.68	-0.006547
11.70	-0.008832
11.72	-0.010166
11.74	-0.010231
11.76	-0.009134
11.78	-0.007313
11.80	-0.005342
11.82	-0.003740
11.84	-0.002834
11.86	-0.002717
11.88	-0.003283
11.90	-0.004302
11.92	-0.005500
11.94	-0.006603
11.96	-0.007371
11.98	-0.007621
12.00	-0.007263
12.02	-0.006341
12.04	-0.005052
12.06	-0.003729
12.08	-0.002750
12.10	-0.002418
12.12	-0.002825
12.14	-0.003793
12.16	-0.004905
12.18	-0.005651
12.20	-0.005627
12.22	-0.004716
12.24	-0.003157
12.26	-0.001474
12.28	-0.000271
12.30	0.000021
12.32	-0.000662
12.34	-0.001971
12.36	-0.003275
12.38	-0.003919
12.40	-0.003510
12.42	-0.002096
12.44	-0.000162
12.46	0.001564
12.48	0.002411
12.50	0.002061
12.52	0.000686
12.54	-0.001118
12.56	-0.002575
12.58	-0.003066
12.60	-0.002386
12.62	-0.000832
12.64	0.000930
12.66	0.002159
12.68	0.002369
12.70	0.001545
12.72	0.000158
12.74	-0.001037
12.76	-0.001333
12.78	-0.000381
12.80	0.001639
12.82	0.004079
12.84	0.006078
12.86	0.006910
12.88	0.006284
12.90	0.004459
12.92	0.002148
12.94	0.000231
12.96	-0.000580
12.98	-0.000014
13.00	0.001678
13.02	0.003840
13.04	0.005677
13.06	0.006567
13.08	0.006283
13.10	0.005053
13.12	0.003445
13.14	0.002141
13.16	0.001674
13.18	0.002251
13.20	0.003701
13.22	0.005564
13.24	0.007260
13.26	0.008293
13.28	0.008393
13.30	0.007581
13.32	0.006134
13.34	0.004486
13.36	0.003096
13.38	0.002325
13.40	0.002350
13.42	0.003137
13.44	0.004451
13.46	0.005929
13.48	0.007172
13.50	0.007861
13.52	0.007846
13.54	0.007198
13.56	0.006191
13.58	0.005214
13.60	0.004639
13.62	0.004684
13.64	0.005323
13.66	0.006285
13.68	0.007153
13.70	0.007530
13.72	0.007204
13.74	0.006259
13.76	0.005056
13.78	0.004105
13.80	0.003857
13.82	0.004504
13.84	0.005878
13.86	0.007488
13.88	0.008700
13.90	0.008987
13.92	0.008149
13.94	0.006415
13.96	0.004374
13.98	0.002756
14.00	0.002155
14.02	0.002789
14.04	0.004414
14.06	0.006410
14.08	0.008020
14.10	0.008636
14.12	0.008027
14.14	0.006415
14.16	0.004370
14.18	0.002577
14.20	0.001572
14.22	0.001543
14.24	0.002292
14.26	0.003344
14.28	0.004165
14.30	0.004384
14.32	0.003937
14.34	0.003064
14.36	0.002184
14.38	0.001697
14.40	0.001807
14.42	0.002441
14.44	0.003291
14.46	0.003951
14.48	0.004095
14.50	0.003616
14.52	0.002654
14.54	0.001535
14.56	0.000624
14.58	0.000179
14.60	0.000252
14.62	0.000689
14.64	0.001211
14.66	0.001538
14.68	0.001504
14.70	0.001118
14.72	0.000542
14.74	0.000011
14.76	-0.000273
14.78	-0.000217
14.80	0.000128
14.82	0.000596
14.84	0.000979
14.86	0.001097
14.88	0.000857
14.90	0.000267
14.92	-0.000577
14.94	-0.001525
14.96	-0.002415
14.98	-0.003095
15.00	-0.003448
15.02	-0.003407
15.04	-0.002978
15.06	-0.002253
15.08	-0.001421
15.10	-0.000743
15.12	-0.000491
15.14	-0.000863
15.16	-0.001898
15.18	-0.003416
15.20	-0.005046
15.22	-0.006309
15.24	-0.006774
15.26	-0.006213
15.28	-0.004706
15.30	-0.002649
15.32	-0.000643
15.34	0.000693
15.36	0.000930
15.38	-0.000015
15.40	-0.001845
15.42	-0.003983
15.44	-0.005765
15.46	-0.006672
15.48	-0.006501
15.50	-0.005425
15.52	-0.003915
15.54	-0.002561
15.56	-0.001857
15.58	-0.002039
15.60	-0.003016
15.62	-0.004430
15.64	-0.005798
15.66	-0.006685
15.68	-0.006847
15.70	-0.006282
15.72	-0.005200
15.74	-0.003926
15.76	-0.002791
15.78	-0.002036
15.80	-0.001784
15.82	-0.002044
15.84	-0.002746
15.86	-0.003774
15.88	-0.004981
15.90	-0.006182
15.92	-0.007162
15.94	-0.007691
15.96	-0.007586
15.98	-0.006780
16.00	-0.005382
16.02	-0.003687
16.04	-0.002126
16.06	-0.001136
16.08	-0.001022
16.10	-0.001839
16.12	-0.003350
16.14	-0.005095
16.16	-0.006537
16.18	-0.007242
16.20	-0.007028
16.22	-0.006016
16.24	-0.004578
16.26	-0.003193
16.28	-0.002272
16.30	-0.002021
16.32	-0.002394
16.34	-0.003137
16.36	-0.003918
16.38	-0.004456
16.40	-0.004618
16.42	-0.004438
16.44	-0.004060
16.46	-0.003650
16.48	-0.003305
16.50	-0.003032
16.52	-0.002762
16.54	-0.002427
16.56	-0.002021
16.58	-0.001625
16.60	-0.001381
16.62	-0.001411
16.64	-0.001749
16.66	-0.002293
16.68	-0.002832
16.70	-0.003128
16.72	-0.003017
16.74	-0.002493
16.76	-0.001713
16.78	-0.000940
16.80	-0.000427
16.82	-0.000310
16.84	-0.000548
16.86	-0.000948
16.88	-0.001256
16.90	-0.001277
16.92	-0.000967
16.94	-0.000444
16.96	0.000072
16.98	0.000378
17.00	0.000392
17.02	0.000204
17.04	0.000032
17.06	0.000108
17.08	0.000554
17.10	0.001296
17.12	0.002086
17.14	0.002601
17.16	0.002605
17.18	0.002077
17.20	0.001253
17.22	0.000545
17.24	0.000369
17.26	0.000947
17.28	0.002191
17.30	0.003699
17.32	0.004904
17.34	0.005300
17.36	0.004664
17.38	0.003164
17.40	0.001317
17.42	-0.000202
17.44	-0.000819
17.46	-0.000287
17.48	0.001222
17.50	0.003187
17.52	0.004948
17.54	0.005961
17.56	0.005995
17.58	0.005196
17.60	0.003996
17.62	0.002914
17.64	0.002337
17.66	0.002383
17.68	0.002886
17.70	0.003507
17.72	0.003909
17.74	0.003914
17.76	0.003570
17.78	0.003108
17.80	0.002812
17.82	0.002874
17.84	0.003297
17.86	0.003895
17.88	0.004388
17.90	0.004529
17.92	0.004225
17.94	0.003572
17.96	0.002811
17.98	0.002215
18.00	0.001964
18.02	0.002083
18.04	0.002436
18.06	0.002811
18.08	0.003019
18.10	0.002975
18.12	0.002729
18.14	0.002418
18.16	0.002189
18.18	0.002124
18.20	0.002207
18.22	0.002353
18.24	0.002462
18.26	0.002491
18.28	0.002474
18.30	0.002498
18.32	0.002641
18.34	0.002901
18.36	0.003170
18.38	0.003268
18.40	0.003025
18.42	0.002380
18.44	0.001433
18.46	0.000436
18.48	-0.000298
18.50	-0.000525
18.52	-0.000179
18.54	0.000587
18.56	0.001459
18.58	0.002090
18.60	0.002245
18.62	0.001904
18.64	0.001269
18.66	0.000664
18.68	0.000389
18.70	0.000581
18.72	0.001144
18.74	0.001794
18.76	0.002188
18.78	0.002082
18.80	0.001446
18.82	0.000482
18.84	-0.000459
18.86	-0.001036
18.88	-0.001064
18.90	-0.000594
18.92	0.000116
18.94	0.000722
18.96	0.000954
18.98	0.000735
19.00	0.000219
19.02	-0.000288
19.04	-0.000470
19.06	-0.000152
19.08	0.000614
19.10	0.001563
19.12	0.002322
19.14	0.002571
19.16	0.002167
19.18	0.001209
19.20	-0.000011
19.22	-0.001119
19.24	-0.001802
19.26	-0.001913
19.28	-0.001503
19.30	-0.000780
19.32	-0.000012
19.34	0.000562
19.36	0.000805
19.38	0.000693
19.40	0.000285
19.42	-0.000318
19.44	-0.001010
19.46	-0.001690
19.48	-0.002263
19.50	-0.002631
19.52	-0.002706
19.54	-0.002441
19.56	-0.001855
19.58	-0.001060
19.60	-0.000236
19.62	0.000419
19.64	0.000759
19.66	0.000737
19.68	0.000423
19.70	-0.000041
19.72	-0.000514
19.74	-0.000928
19.76	-0.001307
19.78	-0.001743
19.80	-0.002311
19.82	-0.002984
19.84	-0.003602
19.86	-0.003904
19.88	-0.003648
19.90	-0.002746
19.92	-0.001363
19.94	0.000088
19.96	0.001072
19.98	0.001140
20.00	0.000133
20.02	-0.001703
20.04	-0.003765
20.06	-0.005303
20.08	-0.005703
20.10	-0.004749
20.12	-0.002739
20.14	-0.000391
20.16	0.001421
20.18	0.002012
20.20	0.001167
20.22	-0.000762
20.24	-0.002990
20.26	-0.004607
20.28	-0.004949
20.30	-0.003860
20.32	-0.001758
20.34	0.000543
20.36	0.002163
20.38	0.002515
20.40	0.001525
20.42	-0.000354
20.44	-0.002346
20.46	-0.003687
20.48	-0.003928
20.50	-0.003097
20.52	-0.001651
20.54	-0.000253
20.56	0.000526
20.58	0.000440
20.60	-0.000356
20.62	-0.001412
20.64	-0.002216
20.66	-0.002431
20.68	-0.002036
20.70	-0.001315
20.72	-0.000686
20.74	-0.000490
20.76	-0.000811
20.78	-0.001436
20.80	-0.001962
20.82	-0.002003
20.84	-0.001388
20.86	-0.000266
20.88	0.000944
20.90	0.001733
20.92	0.001730
20.94	0.000882
20.96	-0.000509
20.98	-0.001903
21.00	-0.002747
21.02	-0.002706
21.04	-0.001807
21.06	-0.000419
21.08	0.000899
21.10	0.001638
21.12	0.001546
21.14	0.000724
21.16	-0.000430
21.18	-0.001402
21.20	-0.001779
21.22	-0.001413
21.24	-0.000471
21.26	0.000653
21.28	0.001517
21.30	0.001817
21.32	0.001495
21.34	0.000747
21.36	-0.000085
21.38	-0.000671
21.40	-0.000826
21.42	-0.000575
21.44	-0.000118
21.46	0.000280
21.48	0.000417
21.50	0.000237
21.52	-0.000157
21.54	-0.000558
21.56	-0.000759
21.58	-0.000645
21.60	-0.000236
21.62	0.000336
21.64	0.000892
21.66	0.001281
21.68	0.001439
21.70	0.001393
21.72	0.001221
21.74	0.000997
21.76	0.000753
21.78	0.000468
21.80	0.000105
21.82	-0.000345
21.84	-0.000817
21.86	-0.001177
21.88	-0.001264
21.90	-0.000963
21.92	-0.000274
21.94	0.000664
21.96	0.001598
21.98	0.002250
22.00	0.002418
22.02	0.002066
22.04	0.001342
22.06	0.000537
22.08	-0.000030
22.10	-0.000134
22.12	0.000258
22.14	0.000970
22.16	0.001675
22.18	0.002030
22.20	0.001815
22.22	0.001033
22.24	-0.000074
22.26	-0.001106
22.28	-0.001652
22.30	-0.001458
22.32	-0.000533
22.34	0.000834
22.36	0.002172
22.38	0.003000
22.40	0.003011
22.42	0.002198
22.44	0.000870
22.46	-0.000456
22.48	-0.001245
22.50	-0.001149
22.52	-0.000147
22.54	0.001436
22.56	0.003044
22.58	0.004100
22.60	0.004215
22.62	0.003342
22.64	0.001782
22.66	0.000072
22.68	-0.001230
22.70	-0.001754
22.72	-0.001445
22.74	-0.000565
22.76	0.000440
22.78	0.001141
22.80	0.001306
22.82	0.000988
22.84	0.000484
22.86	0.000174
22.88	0.000332
22.90	0.000980
22.92	0.001867
22.94	0.002570
22.96	0.002691
22.98	0.002049
23.00	0.000784
23.02	-0.000683
23.04	-0.001815
23.06	-0.002184
23.08	-0.001664
23.10	-0.000483
23.12	0.000864
23.14	0.001828
23.16	0.002044
23.18	0.001488
23.20	0.000481
23.22	-0.000461
23.24	-0.000864
23.26	-0.000519
23.28	0.000416
23.30	0.001483
23.32	0.002133
23.34	0.001985
23.36	0.001013
23.38	-0.000421
23.40	-0.001714
23.42	-0.002286
23.44	-0.001844
23.46	-0.000531
23.48	0.001119
23.50	0.002400
23.52	0.002737
23.54	0.001946
23.56	0.000321
23.58	-0.001474
23.60	-0.002685
23.62	-0.002789
23.64	-0.001727
23.66	0.000067
23.68	0.001840
23.70	0.002834
23.72	0.002608
23.74	0.001223
23.76	-0.000780
23.78	-0.002608
23.80	-0.003546
23.82	-0.003248
23.84	-0.001876
23.86	-0.000022
23.88	0.001543
23.90	0.002188
23.92	0.001675
23.94	0.000241
23.96	-0.001517
23.98	-0.002902
24.00	-0.003402
24.02	-0.002883
24.04	-0.001629
24.06	-0.000192
24.08	0.000839
24.10	0.001083
24.12	0.000503
24.14	-0.000608
24.16	-0.001768
24.18	-0.002512
24.20	-0.002576
24.22	-0.001976
24.24	-0.000975
24.26	0.000053
24.28	0.000773
24.30	0.001012
24.32	0.000793
24.34	0.000287
24.36	-0.000287
24.38	-0.000761
24.40	-0.001069
24.42	-0.001246
24.44	-0.001370
24.46	-0.001499
24.48	-0.001630
24.50	-0.001698
24.52	-0.001619
24.54	-0.001345
24.56	-0.000910
24.58	-0.000426
24.60	-0.000053
24.62	0.000070
24.64	-0.000116
24.66	-0.000560
24.68	-0.001111
24.70	-0.001570
24.72	-0.001759
24.74	-0.001586
24.76	-0.001079
24.78	-0.000377
24.80	0.000309
24.82	0.000767
24.84	0.000854
24.86	0.000543
24.88	-0.000060
24.90	-0.000743
24.92	-0.001254
24.94	-0.001378
24.96	-0.001024
24.98	-0.000267
25.00	0.000658
25.02	0.001417
25.04	0.001694
25.06	0.001305
25.08	0.000290
25.10	-0.001069
25.12	-0.002330
25.14	-0.003029
25.16	-0.002851
25.18	-0.001768
25.20	-0.000065
25.22	0.001734
25.24	0.003051
25.26	0.003459
25.28	0.002851
25.30	0.001480
25.32	-0.000135
25.34	-0.001407
25.36	-0.001913
25.38	-0.001555
25.40	-0.000591
25.42	0.000484
25.44	0.001155
25.46	0.001117
25.48	0.000404
25.50	-0.000623
25.52	-0.001436
25.54	-0.001582
25.56	-0.000891
25.58	0.000429
25.60	0.001866
25.62	0.002813
25.64	0.002827
25.66	0.001828
25.68	0.000148
25.70	-0.001590
25.72	-0.002719
25.74	-0.002789
25.76	-0.001755
25.78	0.000014
25.80	0.001876
25.82	0.003171
25.84	0.003469
25.86	0.002722
25.88	0.001251
25.90	-0.000392
25.92	-0.001652
25.94	-0.002170
25.96	-0.001886
25.98	-0.001018
26.00	0.000064
26.02	0.001004
26.04	0.001579
26.06	0.001750
26.08	0.001619
26.10	0.001341
26.12	0.001039
26.14	0.000763
26.16	0.000506
26.18	0.000257
26.20	0.000050
26.22	-0.000030
26.24	0.000112
26.26	0.000515
26.28	0.001104
26.30	0.001687
26.32	0.002019
26.34	0.001904
26.36	0.001300
26.38	0.000362
26.40	-0.000594
26.42	-0.001211
26.44	-0.001236
26.46	-0.000630
26.48	0.000395
26.50	0.001462
26.52	0.002169
26.54	0.002257
26.56	0.001706
26.58	0.000747
26.60	-0.000242
26.62	-0.000886
26.64	-0.000966
26.66	-0.000490
26.68	0.000327
26.70	0.001164
26.72	0.001733
26.74	0.001889
26.76	0.001665
26.78	0.001227
26.80	0.000779
26.82	0.000470
26.84	0.000334
26.86	0.000304
26.88	0.000267
26.90	0.000146
26.92	-0.000061
26.94	-0.000275
26.96	-0.000389
26.98	-0.000336
27.00	-0.000127
27.02	0.000142
27.04	0.000339
27.06	0.000370
27.08	0.000225
27.10	-0.000010
27.12	-0.000201
27.14	-0.000239
27.16	-0.000110
27.18	0.000088
27.20	0.000186
27.22	0.000031
27.24	-0.000419
27.26	-0.001053
27.28	-0.001630
27.30	-0.001870
27.32	-0.001582
27.34	-0.000761
27.36	0.000387
27.38	0.001505
27.40	0.002220
27.42	0.002289
27.44	0.001693
27.46	0.000649
27.48	-0.000477
27.50	-0.001309
27.52	-0.001606
27.54	-0.001342
27.56	-0.000697
27.58	0.000028
27.60	0.000540
27.62	0.000665
27.64	0.000397
27.66	-0.000119
27.68	-0.000666
27.70	-0.001051
27.72	-0.001172
27.74	-0.001035
27.76	-0.000732
27.78	-0.000380
27.80	-0.000072
27.82	0.000143
27.84	0.000260
27.86	0.000296
27.88	0.000265
27.90	0.000175
27.92	0.000043
27.94	-0.000099
27.96	-0.000198
27.98	-0.000201
28.00	-0.000092
28.02	0.000086
28.04	0.000224
28.06	0.000194
28.08	-0.000091
28.10	-0.000609
28.12	-0.001209
28.14	-0.001646
28.16	-0.001677
28.18	-0.001179
28.20	-0.000230
28.22	0.000884
28.24	0.001757
28.26	0.002021
28.28	0.001503
28.30	0.000319
28.32	-0.001145
28.34	-0.002373
28.36	-0.002921
28.38	-0.002599
28.40	-0.001559
28.42	-0.000234
28.44	0.000836
28.46	0.001230
28.48	0.000826
28.50	-0.000150
28.52	-0.001230
28.54	-0.001907
28.56	-0.001869
28.58	-0.001139
28.60	-0.000068
28.62	0.000817
28.64	0.001056
28.66	0.000464
28.68	-0.000769
28.70	-0.002151
28.72	-0.003092
28.74	-0.003155
28.76	-0.002250
28.78	-0.000677
28.80	0.000993
28.82	0.002151
28.84	0.002393
28.86	0.001676
28.88	0.000323
28.90	-0.001129
28.92	-0.002154
28.94	-0.002441
28.96	-0.002001
28.98	-0.001124
29.00	-0.000227
29.02	0.000341
29.04	0.000437
29.06	0.000156
29.08	-0.000243
29.10	-0.000487
29.12	-0.000427
29.14	-0.000100
29.16	0.000306
29.18	0.000564
29.20	0.000533
29.22	0.000235
29.24	-0.000160
29.26	-0.000424
29.28	-0.000398
29.30	-0.000079
29.32	0.000364
29.34	0.000673
29.36	0.000633
29.38	0.000184
29.40	-0.000526
29.42	-0.001201
29.44	-0.001522
29.46	-0.001303
29.48	-0.000582
29.50	0.000379
29.52	0.001202
29.54	0.001554
29.56	0.001295
29.58	0.000541
29.60	-0.000383
29.62	-0.001082
29.64	-0.001264
29.66	-0.000862
29.68	-0.000059
29.70	0.000795
29.72	0.001342
29.74	0.001369
29.76	0.000892
29.78	0.000149
29.80	-0.000525
29.82	-0.000835
29.84	-0.000664
29.86	-0.000110
29.88	0.000564
29.90	0.001053
29.92	0.001148
29.94	0.000823
29.96	0.000235
29.98	-0.000349
30.00	-0.000680
30.02	-0.000630
30.04	-0.000246
30.06	0.000283
30.08	0.000715
30.10	0.000862
30.12	0.000669
30.14	0.000233
30.16	-0.000253
30.18	-0.000579
30.20	-0.000611
30.22	-0.000337
30.24	0.000138
30.26	0.000643
30.28	0.001009
30.30	0.001136
30.32	0.001014
30.34	0.000715
30.36	0.000352
30.38	0.000039
30.40	-0.000148
30.42	-0.000178
30.44	-0.000061
30.46	0.000168
30.48	0.000459
30.50	0.000758
30.52	0.001006
30.54	0.001149
30.56	0.001149
30.58	0.000999
30.60	0.000732
30.62	0.000422
30.64	0.000160
30.66	0.000021
30.68	0.000035
30.70	0.000167
30.72	0.000330
30.74	0.000425
30.76	0.000384
30.78	0.000205
30.80	-0.000039
30.82	-0.000230
30.84	-0.000258
30.86	-0.000070
30.88	0.000293
30.90	0.000715
30.92	0.001042
30.94	0.001154
30.96	0.001009
30.98	0.000664
31.00	0.000251
31.02	-0.000082
31.04	-0.000232
31.06	-0.000177
31.08	0.000018
31.10	0.000243
31.12	0.000400
31.14	0.000444
31.16	0.000400
31.18	0.000344
31.20	0.000347
31.22	0.000439
31.24	0.000579
31.26	0.000678
31.28	0.000646
31.30	0.000442
31.32	0.000106
31.34	-0.000246
31.36	-0.000469
31.38	-0.000458
31.40	-0.000199
31.42	0.000218
31.44	0.000625
31.46	0.000852
31.48	0.000793
31.50	0.000457
31.52	-0.000038
31.54	-0.000512
31.56	-0.000795
31.58	-0.000801
31.60	-0.000551
31.62	-0.000157
31.64	0.000230
31.66	0.000485
31.68	0.000557
31.70	0.000473
31.72	0.000307
31.74	0.000136
31.76	0.000000
31.78	-0.000112
31.80	-0.000237
31.82	-0.000400
31.84	-0.000586
31.86	-0.000729
31.88	-0.000746
31.90	-0.000585
31.92	-0.000265
31.94	0.000114
31.96	0.000403
31.98	0.000470
32.00	0.000270
32.02	-0.000126
32.04	-0.000543
32.06	-0.000777
32.08	-0.000687
32.10	-0.000273
32.12	0.000313
32.14	0.000815
32.16	0.000981
32.18	0.000680
32.20	-0.000029
32.22	-0.000902
32.24	-0.001600
32.26	-0.001824
32.28	-0.001445
32.30	-0.000565
32.32	0.000511
32.34	0.001388
32.36	0.001735
32.38	0.001415
32.40	0.000537
32.42	-0.000589
32.44	-0.001574
32.46	-0.002098
32.48	-0.002029
32.50	-0.001450
32.52	-0.000612
32.54	0.000181
32.56	0.000698
32.58	0.000859
32.60	0.000739
32.62	0.000509
32.64	0.000335
32.66	0.000298
32.68	0.000355
32.70	0.000375
32.72	0.000214
32.74	-0.000203
32.76	-0.000828
32.78	-0.001500
32.80	-0.002002
32.82	-0.002150
32.84	-0.001869
32.86	-0.001220
32.88	-0.000381
32.90	0.000424
32.92	0.001004
32.94	0.001253
32.96	0.001172
32.98	0.000844
33.00	0.000383
33.02	-0.000109
33.04	-0.000565
33.06	-0.000950
33.08	-0.001241
33.10	-0.001410
33.12	-0.001416
33.14	-0.001233
33.16	-0.000870
33.18	-0.000396
33.20	0.000071
33.22	0.000396
33.24	0.000483
33.26	0.000318
33.28	-0.000010
33.30	-0.000346
33.32	-0.000527
33.34	-0.000454
33.36	-0.000144
33.38	0.000272
33.40	0.000601
33.42	0.000670
33.44	0.000406
33.46	-0.000128
33.48	-0.000748
33.50	-0.001225
33.52	-0.001383
33.54	-0.001169
33.56	-0.000677
33.58	-0.000107
33.60	0.000327
33.62	0.000485
33.64	0.000365
33.66	0.000090
33.68	-0.000151
33.70	-0.000205
33.72	-0.000032
33.74	0.000265
33.76	0.000488
33.78	0.000437
33.80	0.000021
33.82	-0.000679
33.84	-0.001421
33.86	-0.001888
33.88	-0.001823
33.90	-0.001148
33.92	-0.000019
33.94	0.001208
33.96	0.002107
33.98	0.002342
34.00	0.001804
34.02	0.000659
34.04	-0.000699
34.06	-0.001801
34.08	-0.002273
34.10	-0.001979
34.12	-0.001066
34.14	0.000096
34.16	0.001065
34.18	0.001498
34.20	0.001282
34.22	0.000565
34.24	-0.000316
34.26	-0.000975
34.28	-0.001139
34.30	-0.000754
34.32	0.000006
34.34	0.000816
34.36	0.001342
34.38	0.001380
34.40	0.000935
34.42	0.000212
34.44	-0.000474
34.46	-0.000835
34.48	-0.000721
34.50	-0.000181
34.52	0.000567
34.54	0.001230
34.56	0.001561
34.58	0.001452
34.60	0.000966
34.62	0.000300
34.64	-0.000307
34.66	-0.000670
34.68	-0.000721
34.70	-0.000519
34.72	-0.000201
34.74	0.000088
34.76	0.000266
34.78	0.000339
34.80	0.000379
34.82	0.000468
34.84	0.000646
34.86	0.000871
34.88	0.001041
34.90	0.001041
34.92	0.000806
34.94	0.000369
34.96	-0.000140
34.98	-0.000543
35.00	-0.000688
35.02	-0.000515
35.04	-0.000089
35.06	0.000420
35.08	0.000811
35.10	0.000934
35.12	0.000752
35.14	0.000356
35.16	-0.000080
35.18	-0.000375
35.20	-0.000422
35.22	-0.000233
35.24	0.000077
35.26	0.000348
35.28	0.000452
35.30	0.000358
35.32	0.000144
35.34	-0.000050
35.36	-0.000090
35.38	0.000073
35.40	0.000373
35.42	0.000653
35.44	0.000743
35.46	0.000541
35.48	0.000084
35.50	-0.000462
35.52	-0.000863
35.54	-0.000921
35.56	-0.000570
35.58	0.000080
35.60	0.000776
35.62	0.001227
35.64	0.001226
35.66	0.000746
35.68	-0.000038
35.70	-0.000814
35.72	-0.001266
35.74	-0.001205
35.76	-0.000654
35.78	0.000161
35.80	0.000897
35.82	0.001249
35.84	0.001076
35.86	0.000463
35.88	-0.000313
35.90	-0.000903
35.92	-0.001039
35.94	-0.000649
35.96	0.000105
35.98	0.000892
36.00	0.001356
36.02	0.001260
36.04	0.000595
36.06	-0.000415
36.08	-0.001400
36.10	-0.001989
36.12	-0.001950
36.14	-0.001284
36.16	-0.000212
36.18	0.000910
36.20	0.001725
36.22	0.001999
36.24	0.001690
36.26	0.000939
36.28	-0.000002
36.30	-0.000863
36.32	-0.001444
36.34	-0.001656
36.36	-0.001515
36.38	-0.001103
36.40	-0.000524
36.42	0.000126
36.44	0.000761
36.46	0.001303
36.48	0.001667
36.50	0.001773
36.52	0.001572
36.54	0.001079
36.56	0.000392
36.58	-0.000319
36.60	-0.000861
36.62	-0.001079
36.64	-0.000920
36.66	-0.000453
36.68	0.000149
36.70	0.000672
36.72	0.000939
36.74	0.000875
36.76	0.000525
36.78	0.000034
36.80	-0.000420
36.82	-0.000692
36.84	-0.000715
36.86	-0.000516
36.88	-0.000184
36.90	0.000168
36.92	0.000451
36.94	0.000609
36.96	0.000623
36.98	0.000491
37.00	0.000214
37.02	-0.000191
37.04	-0.000679
37.06	-0.001153
37.08	-0.001472
37.10	-0.001482
37.12	-0.001084
37.14	-0.000294
37.16	0.000719
37.18	0.001667
37.20	0.002225
37.22	0.002155
37.24	0.001419
37.26	0.000212
37.28	-0.001077
37.30	-0.002006
37.32	-0.002244
37.34	-0.001706
37.36	-0.000598
37.38	0.000659
37.40	0.001593
37.42	0.001870
37.44	0.001429
37.46	0.000505
37.48	-0.000475
37.50	-0.001077
37.52	-0.001052
37.54	-0.000443
37.56	0.000435
37.58	0.001138
37.60	0.001290
37.62	0.000762
37.64	-0.000265
37.66	-0.001370
37.68	-0.002073
37.70	-0.002044
37.72	-0.001255
37.74	0.000008
37.76	0.001261
37.78	0.002025
37.80	0.002034
37.82	0.001337
37.84	0.000272
37.86	-0.000691
37.88	-0.001161
37.90	-0.000994
37.92	-0.000351
37.94	0.000388
37.96	0.000808
37.98	0.000654
38.00	-0.000045
38.02	-0.000982
38.04	-0.001714
38.06	-0.001862
38.08	-0.001285
38.10	-0.000157
38.12	0.001101
38.14	0.002000
38.16	0.002185
38.18	0.001584
38.20	0.000437
38.22	-0.000813
38.24	-0.001708
38.26	-0.001961
38.28	-0.001563
38.30	-0.000764
38.32	0.000052
38.34	0.000544
38.36	0.000558
38.38	0.000174
38.40	-0.000354
38.42	-0.000731
38.44	-0.000764
38.46	-0.000449
38.48	0.000043
38.50	0.000462
38.52	0.000607
38.54	0.000430
38.56	0.000050
38.58	-0.000305
38.60	-0.000428
38.62	-0.000236
38.64	0.000178
38.66	0.000585
38.68	0.000735
38.70	0.000487
38.72	-0.000113
38.74	-0.000832
38.76	-0.001349
38.78	-0.001403
38.80	-0.000909
38.82	-0.000018
38.84	0.000942
38.86	0.001601
38.88	0.001702
38.90	0.001214
38.92	0.000342
38.94	-0.000556
38.96	-0.001129
38.98	-0.001174
39.00	-0.000722
39.02	-0.000015
39.04	0.000610
39.06	0.000867
39.08	0.000650
39.10	0.000073
39.12	-0.000590
39.14	-0.001027
39.16	-0.001032
39.18	-0.000593
39.20	0.000107
39.22	0.000773
39.24	0.001130
39.26	0.001038
39.28	0.000548
39.30	-0.000127
39.32	-0.000714
39.34	-0.000992
39.36	-0.000885
39.38	-0.000479
39.40	0.000026
39.42	0.000419
39.44	0.000561
39.46	0.000444
39.48	0.000172
39.50	-0.000099
39.52	-0.000243
39.54	-0.000224
39.56	-0.000103
39.58	0.000003
39.60	-0.000006
39.62	-0.000154
39.64	-0.000371
39.66	-0.000518
39.68	-0.000462
39.70	-0.000148
39.72	0.000363
39.74	0.000901
39.76	0.001252
39.78	0.001249
39.80	0.000848
39.82	0.000153
39.84	-0.000611
39.86	-0.001184
39.88	-0.001367
39.90	-0.001097
39.92	-0.000476
39.94	0.000277
39.96	0.000899
39.98	0.001184
40.00	0.001056
40.02	0.000583
40.04	-0.000049
40.06	-0.000615
40.08	-0.000928
40.10	-0.000904
40.12	-0.000580
40.14	-0.000094
40.16	0.000376
40.18	0.000669
40.20	0.000702
40.22	0.000483
40.24	0.000106
40.26	-0.000293
40.28	-0.000582
40.30	-0.000674
40.32	-0.000556
40.34	-0.000287
40.36	0.000031
40.38	0.000285
40.40	0.000391
40.42	0.000322
40.44	0.000113
40.46	-0.000154
40.48	-0.000382
40.50	-0.000497
40.52	-0.000477
40.54	-0.000356
40.56	-0.000208
40.58	-0.000112
40.60	-0.000113
40.62	-0.000196
40.64	-0.000290
40.66	-0.000295
40.68	-0.000133
40.70	0.000209
40.72	0.000653
40.74	0.001050
40.76	0.001232
40.78	0.001079
40.80	0.000585
40.82	-0.000129
40.84	-0.000839
40.86	-0.001298
40.88	-0.001333
40.90	-0.000915
40.92	-0.000181
40.94	0.000606
40.96	0.001158
40.98	0.001271
41.00	0.000910
41.02	0.000224
41.04	-0.000506
41.06	-0.000983
41.08	-0.001012
41.10	-0.000582
41.12	0.000123
41.14	0.000801
41.16	0.001152
41.18	0.001007
41.20	0.000397
41.22	-0.000444
41.24	-0.001179
41.26	-0.001493
41.28	-0.001226
41.30	-0.000440
41.32	0.000599
41.34	0.001520
41.36	0.001990
41.38	0.001836
41.40	0.001113
41.42	0.000081
41.44	-0.000899
41.46	-0.001496
41.48	-0.001529
41.50	-0.001028
41.52	-0.000206
41.54	0.000625
41.56	0.001178
41.58	0.001293
41.60	0.000982
41.62	0.000414
41.64	-0.000165
41.66	-0.000525
41.68	-0.000542
41.70	-0.000229
41.72	0.000273
41.74	0.000762
41.76	0.001046
41.78	0.001014
41.80	0.000668
41.82	0.000114
41.84	-0.000482
41.86	-0.000946
41.88	-0.001157
41.90	-0.001074
41.92	-0.000745
41.94	-0.000283
41.96	0.000170
41.98	0.000487
42.00	0.000592
42.02	0.000480
42.04	0.000212
42.06	-0.000107
42.08	-0.000359
42.10	-0.000458
42.12	-0.000375
42.14	-0.000151
42.16	0.000117
42.18	0.000312
42.20	0.000338
42.22	0.000161
42.24	-0.000175
42.26	-0.000561
42.28	-0.000861
42.30	-0.000960
42.32	-0.000816
42.34	-0.000473
42.36	-0.000050
42.38	0.000308
42.40	0.000482
42.42	0.000429
42.44	0.000198
42.46	-0.000093
42.48	-0.000307
42.50	-0.000345
42.52	-0.000190
42.54	0.000089
42.56	0.000365
42.58	0.000512
42.60	0.000458
42.62	0.000216
42.64	-0.000119
42.66	-0.000413
42.68	-0.000554
42.70	-0.000494
42.72	-0.000274
42.74	0.000000
42.76	0.000205
42.78	0.000253
42.80	0.000131
42.82	-0.000098
42.84	-0.000325
42.86	-0.000452
42.88	-0.000429
42.90	-0.000280
42.92	-0.000084
42.94	0.000063
42.96	0.000095
42.98	0.000007
43.00	-0.000144
43.02	-0.000273
43.04	-0.000304
43.06	-0.000214
43.08	-0.000040
43.10	0.000145
43.12	0.000264
43.14	0.000284
43.16	0.000227
43.18	0.000160
43.20	0.000154
43.22	0.000238
43.24	0.000375
43.26	0.000470
43.28	0.000416
43.30	0.000149
43.32	-0.000301
43.34	-0.000807
43.36	-0.001187
43.38	-0.001275
43.40	-0.000999
43.42	-0.000424
43.44	0.000260
43.46	0.000812
43.48	0.001032
43.50	0.000854
43.52	0.000374
43.54	-0.000179
43.56	-0.000541
43.58	-0.000527
43.60	-0.000111
43.62	0.000549
43.64	0.001174
43.66	0.001479
43.68	0.001294
43.70	0.000643
43.72	-0.000257
43.74	-0.001076
43.76	-0.001503
43.78	-0.001369
43.80	-0.000720
43.82	0.000206
43.84	0.001068
43.86	0.001556
43.88	0.001511
43.90	0.000976
43.92	0.000174
43.94	-0.000593
43.96	-0.001059
43.98	-0.001095
44.00	-0.000746
44.02	-0.000192
44.04	0.000336
44.06	0.000652
44.08	0.000682
44.10	0.000477
44.12	0.000174
44.14	-0.000079
44.16	-0.000188
44.18	-0.000144
44.20	-0.000010
44.22	0.000120
44.24	0.000176
44.26	0.000145
44.28	0.000072
44.30	0.000027
44.32	0.000067
44.34	0.000197
44.36	0.000370
44.38	0.000506
44.40	0.000536
44.42	0.000432
44.44	0.000225
44.46	-0.000018
44.48	-0.000221
44.50	-0.000338
44.52	-0.000371
44.54	-0.000356
44.56	-0.000338
44.58	-0.000337
44.60	-0.000328
44.62	-0.000257
44.64	-0.000071
44.66	0.000241
44.68	0.000622
44.70	0.000957
44.72	0.001113
44.74	0.000993
44.76	0.000590
44.78	0.000002
44.80	-0.000604
44.82	-0.001041
44.84	-0.001187
44.86	-0.001020
44.88	-0.000633
44.90	-0.000186
44.92	0.000158
44.94	0.000303
44.96	0.000248
44.98	0.000079
45.00	-0.000083
45.02	-0.000150
45.04	-0.000103
45.06	-0.000002
45.08	0.000052
45.10	-0.000022
45.12	-0.000235
45.14	-0.000510
45.16	-0.000717
45.18	-0.000729
45.20	-0.000491
45.22	-0.000059
45.24	0.000418
45.26	0.000758
45.28	0.000820
45.30	0.000579
45.32	0.000134
45.34	-0.000329
45.36	-0.000617
45.38	-0.000614
45.40	-0.000339
45.42	0.000069
45.44	0.000408
45.46	0.000509
45.48	0.000315
45.50	-0.000092
45.52	-0.000526
45.54	-0.000778
45.56	-0.000712
45.58	-0.000331
45.60	0.000221
45.62	0.000719
45.64	0.000952
45.66	0.000811
45.68	0.000337
45.70	-0.000300
45.72	-0.000872
45.74	-0.001187
45.76	-0.001161
45.78	-0.000843
45.80	-0.000377
45.82	0.000065
45.84	0.000359
45.86	0.000474
45.88	0.000462
45.90	0.000416
45.92	0.000409
45.94	0.000452
45.96	0.000492
45.98	0.000448
46.00	0.000263
46.02	-0.000049
46.04	-0.000400
46.06	-0.000661
46.08	-0.000722
46.10	-0.000553
46.12	-0.000225
46.14	0.000116
46.16	0.000309
46.18	0.000257
46.20	-0.000024
46.22	-0.000410
46.24	-0.000722
46.26	-0.000801
46.28	-0.000590
46.30	-0.000162
46.32	0.000308
46.34	0.000622
46.36	0.000640
46.38	0.000349
46.40	-0.000132
46.42	-0.000602
46.44	-0.000868
46.46	-0.000828
46.48	-0.000514
46.50	-0.000072
46.52	0.000302
46.54	0.000455
46.56	0.000339
46.58	0.000031
46.60	-0.000309
46.62	-0.000515
46.64	-0.000488
46.66	-0.000244
46.68	0.000108
46.70	0.000410
46.72	0.000542
46.74	0.000465
46.76	0.000240
46.78	-0.000008
46.80	-0.000160
46.82	-0.000158
46.84	-0.000033
46.86	0.000115
46.88	0.000171
46.90	0.000068
46.92	-0.000176
46.94	-0.000458
46.96	-0.000643
46.98	-0.000623
47.00	-0.000376
47.02	0.000025
47.04	0.000438
47.06	0.000716
47.08	0.000768
47.10	0.000601
47.12	0.000305
47.14	0.000011
47.16	-0.000174
47.18	-0.000211
47.20	-0.000139
47.22	-0.000049
47.24	-0.000022
47.26	-0.000088
47.28	-0.000206
47.30	-0.000285
47.32	-0.000240
47.34	-0.000041
47.36	0.000258
47.38	0.000535
47.40	0.000655
47.42	0.000535
47.44	0.000191
47.46	-0.000258
47.48	-0.000635
47.50	-0.000783
47.52	-0.000632
47.54	-0.000234
47.56	0.000259
47.58	0.000658
47.60	0.000823
47.62	0.000716
47.64	0.000415
47.66	0.000071
47.68	-0.000167
47.70	-0.000219
47.72	-0.000114
47.74	0.000039
47.76	0.000111
47.78	0.000025
47.80	-0.000198
47.82	-0.000439
47.84	-0.000544
47.86	-0.000397
47.88	0.000007
47.90	0.000548
47.92	0.001019
47.94	0.001219
47.96	0.001039
47.98	0.000521
48.00	-0.000154
48.02	-0.000738
48.04	-0.001016
48.06	-0.000899
48.08	-0.000460
48.10	0.000102
48.12	0.000550
48.14	0.000714
48.16	0.000558
48.18	0.000191
48.20	-0.000191
48.22	-0.000404
48.24	-0.000358
48.26	-0.000098
48.28	0.000222
48.30	0.000419
48.32	0.000377
48.34	0.000102
48.36	-0.000272
48.38	-0.000549
48.40	-0.000564
48.42	-0.000265
48.44	0.000252
48.46	0.000784
48.48	0.001108
48.50	0.001085
48.52	0.000722
48.54	0.000179
48.56	-0.000305
48.58	-0.000518
48.60	-0.000364
48.62	0.000085
48.64	0.000624
48.66	0.001005
48.68	0.001047
48.70	0.000717
48.72	0.000143
48.74	-0.000439
48.76	-0.000790
48.78	-0.000770
48.80	-0.000399
48.82	0.000156
48.84	0.000657
48.86	0.000898
48.88	0.000793
48.90	0.000410
48.92	-0.000064
48.94	-0.000412
48.96	-0.000480
48.98	-0.000246
49.00	0.000176
49.02	0.000588
49.04	0.000798
49.06	0.000702
49.08	0.000330
49.10	-0.000173
49.12	-0.000607
49.14	-0.000806
49.16	-0.000700
49.18	-0.000344
49.20	0.000116
49.22	0.000503
49.24	0.000680
49.26	0.000603
49.28	0.000324
49.30	-0.000035
49.32	-0.000341
49.34	-0.000502
49.36	-0.000494
49.38	-0.000357
49.40	-0.000168
49.42	-0.000004
49.44	0.000093
49.46	0.000120
49.48	0.000105
49.50	0.000082
49.52	0.000072
49.54	0.000069
49.56	0.000051
49.58	-0.000004
49.60	-0.000102
49.62	-0.000222
49.64	-0.000325
49.66	-0.000366
49.68	-0.000315
49.70	-0.000174
49.72	0.000025
49.74	0.000226
49.76	0.000372
49.78	0.000418
49.80	0.000348
49.82	0.000172
49.84	-0.000073
49.86	-0.000339
49.88	-0.000572
49.90	-0.000725
49.92	-0.000763
49.94	-0.000668
49.96	-0.000448
49.98	-0.000136
50.00	0.000208
50.02	0.000508
50.04	0.000689
50.06	0.000697
50.08	0.000519
50.10	0.000191
50.12	-0.000204
50.14	-0.000560
50.16	-0.000773
50.18	-0.000781
50.20	-0.000577
50.22	-0.000217
50.24	0.000197
50.26	0.000548
50.28	0.000736
50.30	0.000710
50.32	0.000482
50.34	0.000120
50.36	-0.000270
50.38	-0.000578
50.40	-0.000724
50.42	-0.000674
50.44	-0.000455
50.46	-0.000138
50.48	0.000178
50.50	0.000401
50.52	0.000476
50.54	0.000396
50.56	0.000209
50.58	-0.000006
50.60	-0.000163
50.62	-0.000206
50.64	-0.000128
50.66	0.000026
50.68	0.000179
50.70	0.000248
50.72	0.000189
50.74	0.000014
50.76	-0.000209
50.78	-0.000378
50.80	-0.000405
50.82	-0.000253
50.84	0.000040
50.86	0.000367
50.88	0.000595
50.90	0.000615
50.92	0.000392
50.94	-0.000015
50.96	-0.000469
50.98	-0.000803
51.00	-0.000891
51.02	-0.000691
51.04	-0.000269
51.06	0.000229
51.08	0.000633
51.10	0.000812
51.12	0.000727
51.14	0.000435
51.16	0.000061
51.18	-0.000260
51.20	-0.000435
51.22	-0.000451
51.24	-0.000362
51.26	-0.000253
51.28	-0.000192
51.30	-0.000195
51.32	-0.000219
51.34	-0.000197
51.36	-0.000080
51.38	0.000123
51.40	0.000338
51.42	0.000454
51.44	0.000380
51.46	0.000099
51.48	-0.000308
51.50	-0.000682
51.52	-0.000853
51.54	-0.000712
51.56	-0.000277
51.58	0.000310
51.60	0.000823
51.62	0.001050
51.64	0.000881
51.66	0.000366
51.68	-0.000302
51.70	-0.000855
51.72	-0.001070
51.74	-0.000856
51.76	-0.000299
51.78	0.000369
51.80	0.000872
51.82	0.000998
51.84	0.000696
51.86	0.000090
51.88	-0.000573
51.90	-0.001027
51.92	-0.001103
51.94	-0.000793
51.96	-0.000247
51.98	0.000295
52.00	0.000615
52.02	0.000606
52.04	0.000314
52.06	-0.000098
52.08	-0.000424
52.10	-0.000521
52.12	-0.000363
52.14	-0.000051
52.16	0.000249
52.18	0.000389
52.20	0.000313
52.22	0.000081
52.24	-0.000161
52.26	-0.000262
52.28	-0.000150
52.30	0.000133
52.32	0.000439
52.34	0.000588
52.36	0.000464
52.38	0.000074
52.40	-0.000433
52.42	-0.000830
52.44	-0.000912
52.46	-0.000592
52.48	0.000046
52.50	0.000772
52.52	0.001302
52.54	0.001415
52.56	0.001050
52.58	0.000338
52.60	-0.000453
52.62	-0.001023
52.64	-0.001166
52.66	-0.000850
52.68	-0.000225
52.70	0.000447
52.72	0.000905
52.74	0.000996
52.76	0.000731
52.78	0.000265
52.80	-0.000182
52.82	-0.000425
52.84	-0.000396
52.86	-0.000162
52.88	0.000121
52.90	0.000288
52.92	0.000253
52.94	0.000044
52.96	-0.000210
52.98	-0.000352
53.00	-0.000279
53.02	0.000002
53.04	0.000372
53.06	0.000652
53.08	0.000687
53.10	0.000427
53.12	-0.000049
53.14	-0.000556
53.16	-0.000884
53.18	-0.000891
53.20	-0.000563
53.22	-0.000021
53.24	0.000527
53.26	0.000879
53.28	0.000916
53.30	0.000653
53.32	0.000216
53.34	-0.000211
53.36	-0.000475
53.38	-0.000512
53.40	-0.000364
53.42	-0.000146
53.44	0.000021
53.46	0.000066
53.48	0.000002
53.50	-0.000093
53.52	-0.000125
53.54	-0.000041
53.56	0.000134
53.58	0.000305
53.60	0.000354
53.62	0.000204
53.64	-0.000129
53.66	-0.000535
53.68	-0.000844
53.70	-0.000904
53.72	-0.000652
53.74	-0.000152
53.76	0.000424
53.78	0.000864
53.80	0.001001
53.82	0.000789
53.84	0.000322
53.86	-0.000203
53.88	-0.000570
53.90	-0.000636
53.92	-0.000389
53.94	0.000047
53.96	0.000466
53.98	0.000674
54.00	0.000571
54.02	0.000197
54.04	-0.000289
54.06	-0.000676
54.08	-0.000790
54.10	-0.000571
54.12	-0.000096
54.14	0.000455
54.16	0.000875
54.18	0.001013
54.20	0.000831
54.22	0.000415
54.24	-0.000069
54.26	-0.000448
54.28	-0.000608
54.30	-0.000535
54.32	-0.000304
54.34	-0.000040
54.36	0.000148
54.38	0.000204
54.40	0.000147
54.42	0.000046
54.44	-0.000023
54.46	-0.000017
54.48	0.000052
54.50	0.000130
54.52	0.000156
54.54	0.000094
54.56	-0.000039
54.58	-0.000181
54.60	-0.000256
54.62	-0.000213
54.64	-0.000060
54.66	0.000136
54.68	0.000277
54.70	0.000283
54.72	0.000128
54.74	-0.000133
54.76	-0.000391
54.78	-0.000521
54.80	-0.000449
54.82	-0.000183
54.84	0.000176
54.86	0.000475
54.88	0.000571
54.90	0.000399
54.92	-0.000001
54.94	-0.000484
54.96	-0.000863
54.98	-0.000978
55.00	-0.000766
55.02	-0.000289
55.04	0.000284
55.06	0.000746
55.08	0.000927
55.10	0.000764
55.12	0.000321
55.14	-0.000235
55.16	-0.000701
55.18	-0.000918
55.20	-0.000821
55.22	-0.000464
55.24	0.000015
55.26	0.000449
55.28	0.000707
55.30	0.000735
55.32	0.000562
55.34	0.000277
55.36	-0.000023
55.38	-0.000266
55.40	-0.000426
55.42	-0.000518
55.44	-0.000567
55.46	-0.000585
55.48	-0.000558
55.50	-0.000455
55.52	-0.000251
55.54	0.000041
55.56	0.000362
55.58	0.000618
55.60	0.000721
55.62	0.000623
55.64	0.000347
55.66	-0.000013
55.68	-0.000332
55.70	-0.000500
55.72	-0.000472
55.74	-0.000288
55.76	-0.000057
55.78	0.000096
55.80	0.000089
55.82	-0.000077
55.84	-0.000311
55.86	-0.000478
55.88	-0.000459
55.90	-0.000218
55.92	0.000171
55.94	0.000547
55.96	0.000727
55.98	0.000593
56.00	0.000149
56.02	-0.000457
56.04	-0.000994
56.06	-0.001232
56.08	-0.001045
56.10	-0.000472
56.12	0.000287
56.14	0.000949
56.16	0.001254
56.18	0.001078
56.20	0.000486
56.22	-0.000292
56.24	-0.000947
56.26	-0.001223
56.28	-0.001015
56.30	-0.000415
56.32	0.000326
56.34	0.000907
56.36	0.001099
56.38	0.000838
56.40	0.000248
56.42	-0.000412
56.44	-0.000865
56.46	-0.000929
56.48	-0.000593
56.50	-0.000015
56.52	0.000546
56.54	0.000846
56.56	0.000759
56.58	0.000324
56.60	-0.000271
56.62	-0.000779
56.64	-0.000992
56.66	-0.000834
56.68	-0.000378
56.70	0.000184
56.72	0.000634
56.74	0.000814
56.76	0.000690
56.78	0.000353
56.80	-0.000033
56.82	-0.000306
56.84	-0.000379
56.86	-0.000271
56.88	-0.000083
56.90	0.000053
56.92	0.000045
56.94	-0.000112
56.96	-0.000339
56.98	-0.000508
57.00	-0.000507
57.02	-0.000291
57.04	0.000089
57.06	0.000510
57.08	0.000822
57.10	0.000913
57.12	0.000750
57.14	0.000393
57.16	-0.000034
57.18	-0.000392
57.20	-0.000578
57.22	-0.000555
57.24	-0.000358
57.26	-0.000071
57.28	0.000209
57.30	0.000404
57.32	0.000473
57.34	0.000418
57.36	0.000266
57.38	0.000063
57.40	-0.000144
57.42	-0.000310
57.44	-0.000397
57.46	-0.000383
57.48	-0.000266
57.50	-0.000075
57.52	0.000134
57.54	0.000290
57.56	0.000328
57.58	0.000220
57.60	-0.000005
57.62	-0.000266
57.64	-0.000455
57.66	-0.000475
57.68	-0.000292
57.70	0.000052
57.72	0.000442
57.74	0.000733
57.76	0.000812
57.78	0.000645
57.80	0.000295
57.82	-0.000099
57.84	-0.000382
57.86	-0.000450
57.88	-0.000292
57.90	-0.000002
57.92	0.000270
57.94	0.000383
57.96	0.000275
57.98	-0.000008
58.00	-0.000326
58.02	-0.000511
58.04	-0.000445
58.06	-0.000124
58.08	0.000335
58.10	0.000737
58.12	0.000894
58.14	0.000709
58.16	0.000226
58.18	-0.000379
58.20	-0.000870
58.22	-0.001050
58.24	-0.000841
58.26	-0.000325
58.28	0.000294
58.30	0.000770
58.32	0.000920
58.34	0.000699
58.36	0.000217
58.38	-0.000311
58.40	-0.000655
58.42	-0.000666
58.44	-0.000336
58.46	0.000207
58.48	0.000750
58.50	0.001087
58.52	0.001101
58.54	0.000797
58.56	0.000293
58.58	-0.000240
58.60	-0.000642
58.62	-0.000827
58.64	-0.000793
58.66	-0.000607
58.68	-0.000357
58.70	-0.000118
58.72	0.000078
58.74	0.000230
58.76	0.000350
58.78	0.000435
58.80	0.000462
58.82	0.000401
58.84	0.000238
58.86	0.000000
58.88	-0.000246
58.90	-0.000415
58.92	-0.000441
58.94	-0.000314
58.96	-0.000091
58.98	0.000123
59.00	0.000221
59.02	0.000148
59.04	-0.000070
59.06	-0.000330
59.08	-0.000498
59.10	-0.000470
59.12	-0.000228
59.14	0.000149
59.16	0.000511
59.18	0.000702
59.20	0.000630
59.22	0.000312
59.24	-0.000133
59.26	-0.000535
59.28	-0.000752
59.30	-0.000730
59.32	-0.000529
59.34	-0.000285
59.36	-0.000146
59.38	-0.000187
59.40	-0.000375
59.42	-0.000575
59.44	-0.000621
59.46	-0.000399
59.48	0.000081
59.50	0.000671
59.52	0.001137
59.54	0.001260
59.56	0.000939
59.58	0.000246
59.60	-0.000586
59.62	-0.001249
59.64	-0.001486
59.66	-0.001194
59.68	-0.000477
59.70	0.000396
59.72	0.001097
59.74	0.001372
59.76	0.001139
59.78	0.000517
59.80	-0.000229
59.82	-0.000805
59.84	-0.001003
59.86	-0.000789
59.88	-0.000296
59.90	0.000237
59.92	0.000578
59.94	0.000601
59.96	0.000329
59.98	-0.000083
60.00	-0.000431

